[[[0.0, 0.0, 0.0, 0.0, 0.0, 0.0], [0.0, 0.0, 0.0, 0.0, 0.0, 0.0], [0.0, 0.0, 0.0, 0.0, 0.0, 0.0], [0.0, 0.0, 0.0, 2.951952572776393, 3.0754207757110352, 2.7746580690320375], [0.0, 0.0, 0.0, 3.0754207757110352, 3.2097294281480524, 2.8833725645268538], [0.0, 0.0, 0.0, 2.7746580690320375, 2.8833725645268538, 2.68613961283164]], [[49.8625913712124, 48.85766527223925, 0.0005232371147248371, 0.0001522646784964018, 0.00016653829497282954, 4.7970030287867446e-05], [48.85766527223925, 47.98775616354741, 0.0005304027320606127, 0.00015238098385980767, 0.000166651631551537, 4.798327962129549e-05], [0.0005232371147248371, 0.0005304027320606127, 206.1129604935285, 0.00020581532571286337, 0.00018939611155300502, 6.330204522649126e-05], [0.0001522646784964018, 0.00015238098385980767, 0.00020581532571286337, 2.8999885135836028, 2.7022498024767283, 0.00016240157920004733], [0.00016653829497282954, 0.000166651631551537, 0.00018939611155300502, 2.7022498024767283, 2.594702552818588, 0.00016174364777928938], [4.7970030287867446e-05, 4.798327962129549e-05, 6.330204522649126e-05, 0.00016240157920004733, 0.00016174364777928938, 0.6995066396268431]], [[18.977601832933257, 19.043082862895055, 0.0006503530077434464, 0.00026843794015948575, 0.000249237834282327, 6.0668641407715565e-05], [19.043082862895055, 19.245016493556946, 0.0006315407617965794, 0.0002678766926523132, 0.0002487840417383676, 6.059883291284475e-05], [0.0006503530077434464, 0.0006315407617965794, 19.83712603522988, 0.0014417574882058684, 0.0014162291219432612, 0.0004143756856187208], [0.00026843794015948575, 0.0002678766926523132, 0.0014417574882058684, 3.4965738673616547, 3.1881798053833275, 0.0002262313352554237], [0.000249237834282327, 0.0002487840417383676, 0.0014162291219432612, 3.1881798053833275, 3.0088774471100703, 0.00022340495746422332], [6.0668641407715565e-05, 6.059883291284475e-05, 0.0004143756856187208, 0.0002262313352554237, 0.00022340495746422332, 0.5566211065008528]], [[8.0050110563709, 8.148638324726507, 0.0005321111092829876, 0.0008553377219156597, 0.000829659927311067, 0.00028212807689022285], [8.148638324726507, 8.316875371012578, 0.0005380006533636879, 0.0008575505156885082, 0.0008310492929718494, 0.00028273033713859983], [0.0005321111092829876, 0.0005380006533636879, 15.523291870402062, 0.0010876278882886582, 0.0010543062210639, 0.00021158215399265674], [0.0008553377219156597, 0.0008575505156885082, 0.0010876278882886582, 3.208230663873755, 2.930723983258078, 0.0003356106698181263], [0.000829659927311067, 0.0008310492929718494, 0.0010543062210639, 2.930723983258078, 2.9913186866984676, 0.0003414706407348631], [0.00028212807689022285, 0.00028273033713859983, 0.00021158215399265674, 0.0003356106698181263, 0.0003414706407348631, 0.3773823680750885]], [[3.7067967089634775, 3.6233599286430844, 0.0004970342424663155, 0.001067396690944351, 0.0010508017739346012, 0.00031422237433570015], [3.6233599286430844, 3.5540132582215396, 0.0004986992778762134, 0.001069655781711625, 0.0010528355095202626, 0.0003149475215522407], [0.0004970342424663155, 0.0004986992778762134, 20.677758064398045, 0.0009931015698830539, 0.0009869792358521941, 0.00014968429766437988], [0.001067396690944351, 0.001069655781711625, 0.0009931015698830539, 2.753443407263978, 2.6696843954810943, 0.0005140056795645998], [0.0010508017739346012, 0.0010528355095202626, 0.0009869792358521941, 2.6696843954810943, 2.60314635626395, 0.0005111545345745219], [0.00031422237433570015, 0.0003149475215522407, 0.00014968429766437988, 0.0005140056795645998, 0.0005111545345745219, 0.3039679087464272]], [[2.2508321701444753, 2.2785769392743482, 0.00041627333625502154, 0.001358238155852229, 0.0013227935784592294, 0.00031526625360467337], [2.2785769392743482, 2.311661237045912, 0.0004117665231648391, 0.00136014780679204, 0.0013235275958405057, 0.0003155624557246435], [0.00041627333625502154, 0.0004117665231648391, 26.68086550327272, 0.001480223824187758, 0.0016459154241443314, 0.00016079222827657398], [0.001358238155852229, 0.00136014780679204, 0.001480223824187758, 3.2407221615604382, 3.2681845227055293, 0.0006958957904915114], [0.0013227935784592294, 0.0013235275958405057, 0.0016459154241443314, 3.2681845227055293, 3.297820702515123, 0.0006868803110258757], [0.00031526625360467337, 0.0003155624557246435, 0.00016079222827657398, 0.0006958957904915114, 0.0006868803110258757, 0.2593551146802836]], [[2.433774793157968, 2.4270542063955207, 0.00030449569960318143, 0.001328621701090121, 0.001296359122436482, 0.00024924421022270803], [2.4270542063955207, 2.4205856504993157, 0.0003030051346727873, 0.0013326795746199827, 0.0013002643783959484, 0.0002496713640327157], [0.00030449569960318143, 0.0003030051346727873, 18.93703536773856, 0.0030770653472655444, 0.0036253935541726654, 0.00020912907991219967], [0.001328621701090121, 0.0013326795746199827, 0.0030770653472655444, 3.591819083194618, 3.3936492192141756, 0.000743770965035203], [0.001296359122436482, 0.0013002643783959484, 0.0036253935541726654, 3.3936492192141756, 3.278500060891851, 0.0007271609258458897], [0.00024924421022270803, 0.0002496713640327157, 0.00020912907991219967, 0.000743770965035203, 0.0007271609258458897, 0.24087206910473524]], [[2.5868447509450445, 2.580023049273361, 0.00024778781820994285, 0.0012643806433703627, 0.0012551687253301769, 0.00022816521477532741], [2.580023049273361, 2.5740113528153192, 0.0002482933802371413, 0.001266846538601596, 0.0012572553403839284, 0.00022802837396211374], [0.00024778781820994285, 0.0002482933802371413, 23.656691720191365, 0.2612547528545324, 0.27573441206391697, 0.0001486250373301766], [0.0012643806433703627, 0.001266846538601596, 0.2612547528545324, 3.1091282595197502, 2.937017396721428, 0.0006272905835963167], [0.0012551687253301769, 0.0012572553403839284, 0.27573441206391697, 2.937017396721428, 2.7914949402762255, 0.0006204434490867951], [0.00022816521477532741, 0.00022802837396211374, 0.0001486250373301766, 0.0006272905835963167, 0.0006204434490867951, 0.26469445026742733]], [[2.619273293712438, 2.654054675350759, 0.001242427383186864, 0.001151687551800274, 0.00022137446826544949, 0.0002168972054014116], [2.654054675350759, 2.695127080427126, 0.0012437264622975842, 0.0011532216053753586, 0.00022184076843605877, 0.0002167453315511569], [0.001242427383186864, 0.0012437264622975842, 3.42532688544034, 3.5253248786591675, 0.0030399323049076525, 0.0005314954377858936], [0.001151687551800274, 0.0011532216053753586, 3.5253248786591675, 3.6514465579514863, 0.0032214397921637838, 0.0005451735802692348], [0.00022137446826544949, 0.00022184076843605877, 0.0030399323049076525, 0.0032214397921637838, 10.423386577114048, 0.00026560923860681734], [0.0002168972054014116, 0.0002167453315511569, 0.0005314954377858936, 0.0005451735802692348, 0.00026560923860681734, 0.3394396936509243]], [[3.249201598222039, 3.253995495124271, 0.001428548917794152, 0.001463397185311812, 0.0002124802208581554, 0.0002277682491739369], [3.253995495124271, 3.2698997666306995, 0.0014195745940481321, 0.001454241869934645, 0.00020531816688326208, 0.000227248555275441], [0.001428548917794152, 0.0014195745940481321, 4.03470997773818, 3.512121399241967, 0.0010457614904941857, 0.0004784026953760673], [0.001463397185311812, 0.001454241869934645, 3.512121399241967, 3.1405219718339543, 0.0010438684844237813, 0.0004731536020164], [0.0002124802208581554, 0.00020531816688326208, 0.0010457614904941857, 0.0010438684844237813, 6.087209301788126, 0.0005790068682377847], [0.0002277682491739369, 0.000227248555275441, 0.0004784026953760673, 0.0004731536020164, 0.0005790068682377847, 0.40754075998806216]], [[3.206035285729937, 3.311601049901159, 0.0017389133801134983, 0.0015975949455930138, 0.00021426756676796283, 0.00028806965675934684], [3.311601049901159, 3.430602233919512, 0.0017436677036559095, 0.0016002372089119195, 0.00020962554862566192, 0.0002863131695830369], [0.0017389133801134983, 0.0017436677036559095, 4.314868745494904, 4.257149759169085, 0.0005812017801105588, 0.00035253973462573846], [0.0015975949455930138, 0.0016002372089119195, 4.257149759169085, 4.276034491135072, 0.0005902494942112746, 0.0003535185005919614], [0.00021426756676796283, 0.00020962554862566192, 0.0005812017801105588, 0.0005902494942112746, 3.70950770159454, 0.0011375734110340699], [0.00028806965675934684, 0.0002863131695830369, 0.00035253973462573846, 0.0003535185005919614, 0.0011375734110340699, 0.6488055395592095]], [[3.8524247077475, 3.741071448872034, 0.002151476170890965, 0.0020762690414817286, 0.0002280648429737821, 0.0002769493113146407], [3.741071448872034, 3.6405362590859185, 0.0021097640042911075, 0.0020344767256294653, 0.0002300507704605531, 0.0002795999950762035], [0.002151476170890965, 0.0021097640042911075, 4.120713001765229, 4.1575888468475, 0.00041800224113765043, 0.0003779682081392229], [0.0020762690414817286, 0.0020344767256294653, 4.1575888468475, 4.227590909149078, 0.0004356385691694943, 0.0003760227425432186], [0.0002280648429737821, 0.0002300507704605531, 0.00041800224113765043, 0.0004356385691694943, 2.565773583248875, 0.00330918005262688], [0.0002769493113146407, 0.0002795999950762035, 0.0003779682081392229, 0.0003760227425432186, 0.00330918005262688, 0.802718849256764]], [[3.614993901723288, 3.7158980742116405, 0.0021916525433033295, 0.0021511187578582155, 0.00018266869313932597, 0.0003233613701444539], [3.7158980742116405, 3.996007154892164, 0.002236192913531035, 0.002195931909640858, 0.00017846489948515973, 0.0003257367947950054], [0.0021916525433033295, 0.002236192913531035, 5.8317095641233525, 5.200231216461823, 0.00037551946355103474, 0.0003717922493528885], [0.0021511187578582155, 0.002195931909640858, 5.200231216461823, 4.716335767248502, 0.00036998493429255577, 0.0003908299942612604], [0.00018266869313932597, 0.00017846489948515973, 0.00037551946355103474, 0.00036998493429255577, 2.0232967877084547, 0.022356668295880424], [0.0003233613701444539, 0.0003257367947950054, 0.0003717922493528885, 0.0003908299942612604, 0.022356668295880424, 1.057160787120588]], [[355.59432822005954, 355.85360101113855, 0.005596469836598061, 0.00017037801731081758, 0.00017385035969379463, 6.367320865974737e-05], [355.85360101113855, 356.797430270172, 0.005587274300899897, 0.00017039834725425968, 0.00017387045969602518, 6.367616716727349e-05], [0.005596469836598061, 0.005587274300899897, 27.84744607246379, 0.0001927513285219673, 0.00018321233933495432, 6.603610993903925e-05], [0.00017037801731081758, 0.00017039834725425968, 0.0001927513285219673, 2.601410925332673, 2.5433119641368633, 0.00019146891416455715], [0.00017385035969379463, 0.00017387045969602518, 0.00018321233933495432, 2.5433119641368633, 2.4892732551790053, 0.0001925940528548649], [6.367320865974737e-05, 6.367616716727349e-05, 6.603610993903925e-05, 0.00019146891416455715, 0.0001925940528548649, 0.552337569058491]], [[17.909263586209804, 0.018559835607985138, 0.0011778053876896114, 0.0002199750527074546, 0.0001901312157882613, 6.622139043899797e-05], [0.018559835607985138, 59.88332035603759, 0.0010823448741211525, 0.00022969153791996795, 0.00022591831131788868, 7.003255269854434e-05], [0.0011778053876896114, 0.0010823448741211525, 15.615074879408011, 0.001222760639872349, 0.0011311686835411288, 0.00032031378364362066], [0.0002199750527074546, 0.00022969153791996795, 0.001222760639872349, 2.8986971515111, 0.45322032891536584, 0.0002342987695749389], [0.0001901312157882613, 0.00022591831131788868, 0.0011311686835411288, 0.45322032891536584, 2.9845068419279923, 0.0002326754548523913], [6.622139043899797e-05, 7.003255269854434e-05, 0.00032031378364362066, 0.0002342987695749389, 0.0002326754548523913, 0.466507638325304]], [[7.338576232160617, 0.03174537920223366, 0.0009549875361294513, 0.0006464459043382005, 0.0007032771981876459, 0.00018596763887355748], [0.03174537920223366, 13.670801182762554, 0.0007754948081614127, 0.0009296998187051596, 0.0008975935194611869, 0.0002603864430749586], [0.0009549875361294513, 0.0007754948081614127, 7.70577951215538, 0.0010634906683706753, 0.0010519571734210044, 0.00025163007015423396], [0.0006464459043382005, 0.0009296998187051596, 0.0010634906683706753, 2.83315512101975, 0.10994620147425532, 0.0003406446213346051], [0.0007032771981876459, 0.0008975935194611869, 0.0010519571734210044, 0.10994620147425532, 3.0286645697720123, 0.0003483581121837616], [0.00018596763887355748, 0.0002603864430749586, 0.00025163007015423396, 0.0003406446213346051, 0.0003483581121837616, 0.3673645913162328]], [[3.6826108302668783, 0.10491188967392474, 0.0006528078027169054, 0.0010020944316128323, 0.0009582003296893289, 0.0003077985550161543], [0.10491188967392474, 5.8035340652416085, 0.0006222462448602827, 0.0011439624697146108, 0.0010596428163760169, 0.00031770795988355656], [0.0006528078027169054, 0.0006222462448602827, 12.284613330611245, 0.0009600154330729987, 0.0008450449186475524, 0.00017168553717730286], [0.0010020944316128323, 0.0011439624697146108, 0.0009600154330729987, 3.2328366812437275, 0.07079062658928358, 0.0004947454077782117], [0.0009582003296893289, 0.0010596428163760169, 0.0008450449186475524, 0.07079062658928358, 3.1027066663755383, 0.0005287910276438099], [0.0003077985550161543, 0.00031770795988355656, 0.00017168553717730286, 0.0004947454077782117, 0.0005287910276438099, 0.31215353361644]], [[2.190237176039777, 0.33164836474594406, 0.0005480600563638789, 0.0012981043649261765, 0.001237930247507909, 0.00034641759842118366], [0.33164836474594406, 3.4087952975670786, 0.0005306689025019274, 0.0012590937553635584, 0.0012409066166823015, 0.0003263501303525559], [0.0005480600563638789, 0.0005306689025019274, 16.24683439362539, 0.001110179332071407, 0.0010016816981533387, 0.00016109614150279413], [0.0012981043649261765, 0.0012590937553635584, 0.001110179332071407, 2.4955191358654987, 0.0750074397596855, 0.0006644125230614717], [0.001237930247507909, 0.0012409066166823015, 0.0010016816981533387, 0.0750074397596855, 2.8995371946532025, 0.0006971273155508504], [0.00034641759842118366, 0.0003263501303525559, 0.00016109614150279413, 0.0006644125230614717, 0.0006971273155508504, 0.2544117295761151]], [[1.9945025291345189, 0.8287713466118163, 0.0003807555606813408, 0.0012691860472581985, 0.0011222788838091426, 0.0002487945710795345], [0.8287713466118163, 3.378392583353958, 0.00038257522379526494, 0.0012423548778981285, 0.0011559776103609001, 0.00023835463370270617], [0.0003807555606813408, 0.00038257522379526494, 20.77618934471061, 0.0019107476258212479, 0.002431552099852668, 0.0001541893522045771], [0.0012691860472581985, 0.0012423548778981285, 0.0019107476258212479, 3.161849566712418, 0.10957834082467877, 0.0006985295368911561], [0.0011222788838091426, 0.0011559776103609001, 0.002431552099852668, 0.10957834082467877, 3.345951897228773, 0.0008143697027038525], [0.0002487945710795345, 0.00023835463370270617, 0.0001541893522045771, 0.0006985295368911561, 0.0008143697027038525, 0.23899886383827418]], [[2.2086849814299203, 2.037347532051998, 0.0003351507083938098, 0.0011919004982296711, 0.0012846305358971948, 0.0002368380261958971], [2.037347532051998, 3.2765026158193953, 0.00033432281069882016, 0.0011847389279987625, 0.001243018593391869, 0.00022074622432071146], [0.0003351507083938098, 0.00033432281069882016, 14.586162208118997, 0.014983136109690666, 0.011295182391964686, 0.00016096175881243616], [0.0011919004982296711, 0.0011847389279987625, 0.014983136109690666, 3.3700018862370817, 0.20954259723830074, 0.0006120460426939313], [0.0012846305358971948, 0.001243018593391869, 0.011295182391964686, 0.20954259723830074, 2.9461383600085735, 0.0007231669299614016], [0.0002368380261958971, 0.00022074622432071146, 0.00016096175881243616, 0.0006120460426939313, 0.0007231669299614016, 0.2585162163884284]], [[3.215270584924343, 2.6567542083820164, 0.001312042605253446, 0.0011831914644056837, 0.00023889870460176097, 0.00019678461491955655], [2.6567542083820164, 2.2718631186699256, 0.0013283274643568035, 0.0011927460131660763, 0.00024725760841810254, 0.00020755059986189727], [0.001312042605253446, 0.0013283274643568035, 3.58512008030102, 0.23714862476223322, 0.006210013385277886, 0.0005172065374989493], [0.0011831914644056837, 0.0011927460131660763, 0.23714862476223322, 3.0976076997697146, 0.011367368937485208, 0.0005889466739764286], [0.00023889870460176097, 0.00024725760841810254, 0.006210013385277886, 0.011367368937485208, 12.620708509346994, 0.0002104644369134147], [0.00019678461491955655, 0.00020755059986189727, 0.0005172065374989493, 0.0005889466739764286, 0.0002104644369134147, 0.32543448685964743]], [[3.109865566070893, 2.6831823248859488, 0.0014012153728369418, 0.001285745587820825, 0.00023668691125227321, 0.00023245892858419476], [2.6831823248859488, 2.869769365691056, 0.0014305738262666455, 0.0013316261967502435, 0.00024319670725304258, 0.00024284935928427313], [0.0014012153728369418, 0.0014305738262666455, 3.8472573814798343, 0.32390238593492265, 0.001370069377150243, 0.00046874999689944615], [0.001285745587820825, 0.0013316261967502435, 0.32390238593492265, 3.4274413001506883, 0.0019350239641298338, 0.0005604580372049712], [0.00023668691125227321, 0.00024319670725304258, 0.001370069377150243, 0.0019350239641298338, 6.66466894769073, 0.00043757812896837677], [0.00023245892858419476, 0.00024284935928427313, 0.00046874999689944615, 0.0005604580372049712, 0.00043757812896837677, 0.41180883454834577]], [[4.09581952463127, 1.8149438133554865, 0.001504243115726773, 0.001701022292946633, 0.0002155155518234075, 0.0002626517846413685], [1.8149438133554865, 2.888244414645425, 0.0015777287998957085, 0.0017176074044883336, 0.00021886343114679334, 0.00026727077797658404], [0.001504243115726773, 0.0015777287998957085, 3.8465287383493694, 0.31277135583260424, 0.0006266020703323347, 0.0003732269492730064], [0.001701022292946633, 0.0017176074044883336, 0.31277135583260424, 3.5770791395299377, 0.0007338497057495114, 0.0004041132411870974], [0.0002155155518234075, 0.00021886343114679334, 0.0006266020703323347, 0.0007338497057495114, 4.340980664203148, 0.000813646110561926], [0.0002626517846413685, 0.00026727077797658404, 0.0003732269492730064, 0.0004041132411870974, 0.000813646110561926, 0.5487605208561901]], [[3.4216486761540645, 1.2767928051882123, 0.0020167080430327443, 0.0020371723181431345, 0.00021044477935566744, 0.00030569243853066164], [1.2767928051882123, 3.1241087558124354, 0.0020524400893584017, 0.0021407766502835523, 0.0002216952833835026, 0.0003048986100407646], [0.0020167080430327443, 0.0020524400893584017, 4.24937489977236, 0.5815221241561775, 0.00046560716996276304, 0.00036259901606019285], [0.0020371723181431345, 0.0021407766502835523, 0.5815221241561775, 3.772571356353333, 0.0005744219003639663, 0.0003706650760876649], [0.00021044477935566744, 0.0002216952833835026, 0.00046560716996276304, 0.0005744219003639663, 2.8217911012441723, 0.0021513456787314237], [0.00030569243853066164, 0.0003048986100407646, 0.00036259901606019285, 0.0003706650760876649, 0.0021513456787314237, 0.712787002798415]], [[4.173141184272669, 1.1751542670803612, 0.00195907372102685, 0.0021191950766490824, 0.0001950083430075308, 0.0003008507168775559], [1.1751542670803612, 3.807622399773486, 0.0020020210630585806, 0.002185349976297892, 0.00018995325511329039, 0.00030447558821371825], [0.00195907372102685, 0.0020020210630585806, 4.899629135647856, 4.549926440439709, 0.0004161464395128267, 0.00040228855632608063], [0.0021191950766490824, 0.002185349976297892, 4.549926440439709, 4.7445819370951545, 0.0004019862967774049, 0.0004030603833512366], [0.0001950083430075308, 0.00018995325511329039, 0.0004161464395128267, 0.0004019862967774049, 2.0630364255724807, 0.00987123871108335], [0.0003008507168775559, 0.00030447558821371825, 0.00040228855632608063, 0.0004030603833512366, 0.00987123871108335, 0.9274103750924729]], [[4.1703541233722365, 1.636499521697528, 0.0022211025272463047, 0.0020174792547708697, 0.00011751992295916568, 0.00037149106321698736], [1.636499521697528, 4.292222514694167, 0.002097858798967231, 0.0020131558897762375, 0.00011777094847889696, 0.0003491831915336101], [0.0022211025272463047, 0.002097858798967231, 4.554784171874487, 0.47843089871540856, 0.0004264933899856799, 0.00035055091062471044], [0.0020174792547708697, 0.0020131558897762375, 0.47843089871540856, 3.817713259240602, 0.0004231173082350099, 0.0003583661580402884], [0.00011751992295916568, 0.00011777094847889696, 0.0004264933899856799, 0.0004231173082350099, 1.6479245823949307, 0.08235523255547686], [0.00037149106321698736, 0.0003491831915336101, 0.00035055091062471044, 0.0003583661580402884, 0.08235523255547686, 1.160203285665888]], [[3.6021447006578207, 1.8884571569989146, 0.0022652644334707254, 0.002200368649448578, 0.0002097740881232278, 0.00028295561596643665], [1.8884571569989146, 3.874105004882394, 0.002221334011087953, 0.0022317167379696436, 0.00019838542270559194, 0.00028506090280408183], [0.0022652644334707254, 0.002221334011087953, 4.528412672238756, 0.14555563859745627, 0.00045303530983418903, 0.00036947929341197574], [0.002200368649448578, 0.0022317167379696436, 0.14555563859745627, 4.317427630730257, 0.0004467060260976082, 0.00040044391872149667], [0.0002097740881232278, 0.00019838542270559194, 0.00045303530983418903, 0.0004467060260976082, 2.493110091560109, 0.0047019990842208795], [0.00028295561596643665, 0.00028506090280408183, 0.00036947929341197574, 0.00040044391872149667, 0.0047019990842208795, 0.835020286918835]], [[2.8264453676932115, 1.38488037028325, 0.00190918641780747, 0.0017247449194731843, 0.0002145529757965824, 0.0002779144142514626], [1.38488037028325, 3.5585510002651697, 0.0018252516411898184, 0.0017815396789563685, 0.00022600320738612654, 0.0002783320667375425], [0.00190918641780747, 0.0018252516411898184, 3.3975616865776392, 0.09867553675796954, 0.0004354336613041457, 0.0003560294200276898], [0.0017247449194731843, 0.0017815396789563685, 0.09867553675796954, 3.8375255802538093, 0.0005422099970511566, 0.00039234437023216446], [0.0002145529757965824, 0.00022600320738612654, 0.0004354336613041457, 0.0005422099970511566, 3.2473073697274617, 0.0013362564168238017], [0.0002779144142514626, 0.0002783320667375425, 0.0003560294200276898, 0.00039234437023216446, 0.0013362564168238017, 0.6792603027322819]], [[3.131778412901394, 0.7454963963725382, 0.0015105362388184848, 0.0013836991831821554, 0.00021565400735022166, 0.0002506665642553982], [0.7454963963725382, 4.0865316121603446, 0.001569179683756342, 0.0014250903562093107, 0.00020455443674113771, 0.00024029801282048007], [0.0015105362388184848, 0.001569179683756342, 3.880540195378669, 0.10710401035639833, 0.0006518829179556802, 0.00038277956028729006], [0.0013836991831821554, 0.0014250903562093107, 0.10710401035639833, 3.4353383797448647, 0.0008079648337966002, 0.00046319906835610156], [0.00021565400735022166, 0.00020455443674113771, 0.0006518829179556802, 0.0008079648337966002, 5.181456784912272, 0.0006571257787153322], [0.0002506665642553982, 0.00024029801282048007, 0.00038277956028729006, 0.00046319906835610156, 0.0006571257787153322, 0.4953068847920174]], [[2.5942368036343435, 0.5938596640661328, 0.001397988882011476, 0.0012272661309766328, 0.00022902274805691047, 0.00024250262545050274], [0.5938596640661328, 3.1886820174620407, 0.0014229180846981522, 0.0012508178176597288, 0.00023370093342415399, 0.0002240586915618996], [0.001397988882011476, 0.0014229180846981522, 3.6247750072403258, 0.08949833664755358, 0.0014872306857107809, 0.0005057170922598448], [0.0012272661309766328, 0.0012508178176597288, 0.08949833664755358, 3.521364594253251, 0.002482150609809547, 0.0005559361195277358], [0.00022902274805691047, 0.00023370093342415399, 0.0014872306857107809, 0.002482150609809547, 9.720921914055857, 0.00033134230296132556], [0.00024250262545050274, 0.0002240586915618996, 0.0005057170922598448, 0.0005559361195277358, 0.00033134230296132556, 0.37660897543560595]], [[2.134741949636983, 0.4222266927603324, 0.0013538814022645983, 0.0006802179049519505, 0.0006917040732434814, 0.00022988302423160311], [0.4222266927603324, 3.0225127704554557, 0.0013364851636290971, 0.0006590214826467911, 0.0006728254795654255, 0.00021357608138755248], [0.0013538814022645983, 0.0013364851636290971, 3.77102369035584, 0.07648263088550024, 0.02882386904719827, 0.0005589826512720504], [0.0006802179049519505, 0.0006590214826467911, 0.07648263088550024, 5.38295331971954, 0.14380558040337618, 0.0003710850614615093], [0.0006917040732434814, 0.0006728254795654255, 0.02882386904719827, 0.14380558040337618, 4.26370673808991, 0.0004485661342891923], [0.00022988302423160311, 0.00021357608138755248, 0.0005589826512720504, 0.0003710850614615093, 0.0004485661342891923, 0.2991653734202507]], [[1.976363566475104, 0.2638867507108278, 0.00034070347949904624, 0.0013736220181283208, 0.0011596785491070612, 0.00024391880209877006], [0.2638867507108278, 3.391296650460925, 0.00033270949975662843, 0.0013224167592994279, 0.0011075927166904797, 0.00024113681632028462], [0.00034070347949904624, 0.00033270949975662843, 13.196706700190026, 0.006756202439845996, 0.0044563020840105326, 0.00016354841929267712], [0.0013736220181283208, 0.0013224167592994279, 0.006756202439845996, 3.2313287511414557, 0.0461843352681543, 0.0006429498221639132], [0.0011596785491070612, 0.0011075927166904797, 0.0044563020840105326, 0.0461843352681543, 3.176986813317638, 0.0007635748536127821], [0.00024391880209877006, 0.00024113681632028462, 0.00016354841929267712, 0.0006429498221639132, 0.0007635748536127821, 0.24494484469598443]], [[1.7825425422804906, 0.14408511420777373, 0.0004491897795518014, 0.0014335326271270642, 0.0011650954474195457, 0.00031234461437286214], [0.14408511420777373, 3.744326165245358, 0.00039642550072328955, 0.001322489851568017, 0.001093992966884008, 0.00025471599009608273], [0.0004491897795518014, 0.00039642550072328955, 20.77829997085236, 0.0018708330997566716, 0.001578673621690899, 0.00017943034737817251], [0.0014335326271270642, 0.001322489851568017, 0.0018708330997566716, 3.122493440258751, 0.030575612502451468, 0.0007126930033643632], [0.0011650954474195457, 0.001093992966884008, 0.001578673621690899, 0.030575612502451468, 2.877199193443814, 0.0008110127305590105], [0.00031234461437286214, 0.00025471599009608273, 0.00017943034737817251, 0.0007126930033643632, 0.0008110127305590105, 0.24226487532179494]], [[2.504896704657069, 0.06536290100727006, 0.0005924464900325771, 0.001230409488623453, 0.001007791002194919, 0.0003314192693137951], [0.06536290100727006, 4.030514918440189, 0.0005566675610514004, 0.0013343968344828826, 0.0013354008302198259, 0.0003371343982121323], [0.0005924464900325771, 0.0005566675610514004, 15.893168286141137, 0.0012286449398244623, 0.0008066519233618164, 0.00014703509281273553], [0.001230409488623453, 0.0013343968344828826, 0.0012286449398244623, 2.847829414344805, 0.018172606900341698, 0.0005960517487776604], [0.001007791002194919, 0.0013354008302198259, 0.0008066519233618164, 0.018172606900341698, 2.985729534854561, 0.0006782748038088802], [0.0003314192693137951, 0.0003371343982121323, 0.00014703509281273553, 0.0005960517487776604, 0.0006782748038088802, 0.2676203229445729]], [[4.722002307420174, 0.020395694951830044, 0.0006584201074778628, 0.0009031415816427429, 0.0009622757237493352, 0.00028069861778968433], [0.020395694951830044, 7.989862931629373, 0.0007096791941845495, 0.0011595587067087846, 0.0010000811486250217, 0.00030145359892356745], [0.0006584201074778628, 0.0007096791941845495, 11.04286977600655, 0.0010406060482607527, 0.0007671272760592563, 0.0001699673572110402], [0.0009031415816427429, 0.0011595587067087846, 0.0010406060482607527, 3.1095010569985972, 0.016957952237717712, 0.00041034476176761973], [0.0009622757237493352, 0.0010000811486250217, 0.0007671272760592563, 0.016957952237717712, 3.069601606999834, 0.00047695001717384846], [0.00028069861778968433, 0.00030145359892356745, 0.0001699673572110402, 0.00041034476176761973, 0.00047695001717384846, 0.32962915995994785]], [[8.610203132171431, 0.005512641038221421, 0.0009460187505525772, 0.00034487464698780497, 0.0002526879148132033, 7.933887165766035e-05], [0.005512641038221421, 27.692682000469386, 0.0007918697179337401, 0.0007223863438423482, 0.0008403964549637706, 0.00022491011790265572], [0.0009460187505525772, 0.0007918697179337401, 8.546181742109889, 0.0012322927633885705, 0.0010975795907408271, 0.0002912216349341692], [0.00034487464698780497, 0.0007223863438423482, 0.0012322927633885705, 2.610391725089161, 0.024263800271386547, 0.0002733475713184725], [0.0002526879148132033, 0.0008403964549637706, 0.0010975795907408271, 0.024263800271386547, 2.888649195702459, 0.0002980467841432516], [7.933887165766035e-05, 0.00022491011790265572, 0.0002912216349341692, 0.0002733475713184725, 0.0002980467841432516, 0.4228801023666696]], [[13.9887504423478, 0.0022150749997641938, 0.0008898561663601099, 0.00020602325942660474, 0.0001782452006811862, 6.144916689431049e-05], [0.0022150749997641938, 188.75255954640852, 0.0008019664558400624, 0.0002570677562799163, 0.0001873088088049564, 5.374630956031138e-05], [0.0008898561663601099, 0.0008019664558400624, 29.336630013957, 0.0009129790423865775, 0.0010954418282148413, 0.0002555131366999283], [0.00020602325942660474, 0.0002570677562799163, 0.0009129790423865775, 2.7469131882374453, 0.06600325123897224, 0.00020926577269820854], [0.0001782452006811862, 0.0001873088088049564, 0.0010954418282148413, 0.06600325123897224, 2.9745264132869953, 0.00020173219524744108], [6.144916689431049e-05, 5.374630956031138e-05, 0.0002555131366999283, 0.00020926577269820854, 0.00020173219524744108, 0.5336642211834334]], [[90.8109460331186, 87.38176655080194, 0.004908968393532168, 0.0006593083529256265, 0.0006736005579532316, 0.0001397439361182974], [87.38176655080194, 84.33623320346999, 0.004889076745059283, 0.0006596143554453516, 0.0006739150775577566, 0.0001398061203401148], [0.004908968393532168, 0.004889076745059283, 5.318809325412315, 0.0011207683494028498, 0.001215152495707912, 0.00032738601651201326], [0.0006593083529256265, 0.0006596143554453516, 0.0011207683494028498, 3.2743714810786018, 3.1821347570467338, 0.0003132807721165204], [0.0006736005579532316, 0.0006739150775577566, 0.001215152495707912, 3.1821347570467338, 3.1246929425751846, 0.0003210739173723918], [0.0001397439361182974, 0.0001398061203401148, 0.00032738601651201326, 0.0003132807721165204, 0.0003210739173723918, 0.35101950381143093]], [[11.479172378482373, 0.07370882345733266, 0.0023348807652455728, 0.000973959355525067, 0.0009966137622237443, 0.00023566792586750867], [0.07370882345733266, 24.526092149101714, 0.0022599619393871813, 0.0010918997014918016, 0.001008846796552093, 0.0002896042722781496], [0.0023348807652455728, 0.0022599619393871813, 3.1534779454591297, 0.00099880463295955, 0.000948725638263491, 0.00028120703456333316], [0.000973959355525067, 0.0010918997014918016, 0.00099880463295955, 3.034040291227554, 0.5204839576671358, 0.0004636772789473065], [0.0009966137622237443, 0.001008846796552093, 0.000948725638263491, 0.5204839576671358, 2.9864470739223767, 0.0004717019498508542], [0.00023566792586750867, 0.0002896042722781496, 0.00028120703456333316, 0.0004636772789473065, 0.0004717019498508542, 0.31748701117653444]], [[3.958465222133982, 0.09545113895383184, 0.001455851514825471, 0.0010950753544700699, 0.0010149519467074605, 0.0003630374988940268], [0.09545113895383184, 9.233442495321544, 0.00145164918061643, 0.0011291535774167899, 0.0010516509786053588, 0.00033915883374487955], [0.001455851514825471, 0.00145164918061643, 4.4754880322310875, 0.0009009144997252043, 0.0008823908291507624, 0.00021398490695494936], [0.0010950753544700699, 0.0011291535774167899, 0.0009009144997252043, 3.277636707787319, 0.11162215148047745, 0.0006281964493184208], [0.0010149519467074605, 0.0010516509786053588, 0.0008823908291507624, 0.11162215148047745, 2.7995687921720815, 0.0006426207202018843], [0.0003630374988940268, 0.00033915883374487955, 0.00021398490695494936, 0.0006281964493184208, 0.0006426207202018843, 0.26512607119865533]], [[2.3080586218987382, 0.24125468266467115, 0.0009434252465434535, 0.0011001058508618915, 0.0011673648707155352, 0.00032774381959852807], [0.24125468266467115, 5.988200969872326, 0.0008718362184546469, 0.001102303267068725, 0.0010581082852194707, 0.00029963298271542914], [0.0009434252465434535, 0.0008718362184546469, 6.929857554751304, 0.0010032756792606777, 0.000891977597507024, 0.0001695464081784689], [0.0011001058508618915, 0.001102303267068725, 0.0010032756792606777, 2.6461886710000853, 0.077635009604368, 0.0007499922833695055], [0.0011673648707155352, 0.0010581082852194707, 0.000891977597507024, 0.077635009604368, 2.667906360043448, 0.0008420393129003016], [0.00032774381959852807, 0.00029963298271542914, 0.0001695464081784689, 0.0007499922833695055, 0.0008420393129003016, 0.2390109416419256]], [[1.9563424456239278, 1.0150043241828017, 0.0006499473605957401, 0.0011930266666517952, 0.0009534019169513047, 0.0002774952344751055], [1.0150043241828017, 5.219385797397929, 0.0005970309184016053, 0.0012216960978413613, 0.0009381868303790473, 0.00025651806434760386], [0.0006499473605957401, 0.0005970309184016053, 10.703993822551277, 0.0015839365892005755, 0.0016438959662058903, 0.0001833177228677221], [0.0011930266666517952, 0.0012216960978413613, 0.0015839365892005755, 3.156090186426891, 0.08807246265929912, 0.0007221596738094513], [0.0009534019169513047, 0.0009381868303790473, 0.0016438959662058903, 0.08807246265929912, 3.0698270793157825, 0.0008931763176941503], [0.0002774952344751055, 0.00025651806434760386, 0.0001833177228677221, 0.0007221596738094513, 0.0008931763176941503, 0.23636028212685167]], [[4.681823115874208, 2.5730407599312435, 0.0004401889974344107, 0.0011886525827516964, 0.0010845557266395056, 0.00022804708748467418], [2.5730407599312435, 2.1228518263541134, 0.00046501545152719144, 0.001196885626030683, 0.0010932488031434012, 0.0002476897398045345], [0.0004401889974344107, 0.00046501545152719144, 12.480921555707198, 0.004102807640444671, 0.003987111978314348, 0.00017468106277222537], [0.0011886525827516964, 0.001196885626030683, 0.004102807640444671, 3.3205580705118964, 0.14611758848654266, 0.000636841912616609], [0.0010845557266395056, 0.0010932488031434012, 0.003987111978314348, 0.14611758848654266, 2.9668920289635983, 0.0007363328843205498], [0.00022804708748467418, 0.0002476897398045345, 0.00017468106277222537, 0.000636841912616609, 0.0007363328843205498, 0.27360742818618083]], [[3.9199872371017457, 0.8104690375465863, 0.0009669152585406476, 0.0004800628543381303, 0.0010783504055937832, 0.00023598632452941632], [0.8104690375465863, 2.1856776935820963, 0.0009581381742392906, 0.0005116975862886524, 0.0011346680389982162, 0.00024956587466531396], [0.0009669152585406476, 0.0009581381742392906, 3.8798446882394684, 0.03316257375178334, 0.07395339566581122, 0.0004208015214896553], [0.0004800628543381303, 0.0005116975862886524, 0.03316257375178334, 7.336009124795012, 1.103392168216101, 0.00035325286248254857], [0.0010783504055937832, 0.0011346680389982162, 0.07395339566581122, 1.103392168216101, 3.035588324690698, 0.000630112948156706], [0.00023598632452941632, 0.00024956587466531396, 0.0004208015214896553, 0.00035325286248254857, 0.000630112948156706, 0.3313233980483497]], [[3.4865975763918566, 0.3654155506967823, 0.0011724716021106014, 0.0012488470026380016, 0.0002377839861137, 0.0002321860885122637], [0.3654155506967823, 2.836742905308163, 0.0012569262588412013, 0.0012834469637747821, 0.00024350363045751167, 0.00024827397993119866], [0.0011724716021106014, 0.0012569262588412013, 3.146855108744235, 0.19413660465159346, 0.00252846676656556, 0.0004874421389246293], [0.0012488470026380016, 0.0012834469637747821, 0.19413660465159346, 3.234022577038987, 0.004181502706261583, 0.0005812928743641997], [0.0002377839861137, 0.00024350363045751167, 0.00252846676656556, 0.004181502706261583, 6.167829528210494, 0.00032844598597624804], [0.0002321860885122637, 0.00024827397993119866, 0.0004874421389246293, 0.0005812928743641997, 0.00032844598597624804, 0.41455794985885897]], [[4.399092459271883, 0.19909337707567396, 0.0013521950978914617, 0.0014119805885121337, 0.00021439365421316883, 0.00023739827391672144], [0.19909337707567396, 3.0171870785381083, 0.0014162903052392178, 0.0014623864545169581, 0.00020330279381487607, 0.0002600280281418681], [0.0013521950978914617, 0.0014162903052392178, 3.8958660163163366, 0.2230877516699137, 0.0008546258952709822, 0.0004161515784197034], [0.0014119805885121337, 0.0014623864545169581, 0.2230877516699137, 3.5487979705942805, 0.0012065737287231355, 0.0005056647947414731], [0.00021439365421316883, 0.00020330279381487607, 0.0008546258952709822, 0.0012065737287231355, 4.3673845020108875, 0.0007374499029001124], [0.00023739827391672144, 0.0002600280281418681, 0.0004161515784197034, 0.0005056647947414731, 0.0007374499029001124, 0.5326830739629196]], [[3.943948889968363, 0.153177786432626, 0.00152402597337096, 0.0017556659015018888, 0.000197900918645476, 0.00027084248061221597], [0.153177786432626, 3.0834473598474026, 0.0015923042494857293, 0.001809860145651192, 0.00019319092158598053, 0.0002793220834853016], [0.00152402597337096, 0.0015923042494857293, 5.095013043082926, 0.5594990402301386, 0.000618872474537216, 0.0003947724623085684], [0.0017556659015018888, 0.001809860145651192, 0.5594990402301386, 3.651705532365822, 0.0006583280987808438, 0.00042783553308515214], [0.000197900918645476, 0.00019319092158598053, 0.000618872474537216, 0.0006583280987808438, 3.660716275928929, 0.0016575693655809774], [0.00027084248061221597, 0.0002793220834853016, 0.0003947724623085684, 0.00042783553308515214, 0.0016575693655809774, 0.6703347447800406]], [[3.8744520162398914, 0.13763131378082014, 0.0017905246228799368, 0.0017514905459539028, 0.00016366865953383342, 0.000278558940429202], [0.13763131378082014, 3.190732340231792, 0.001996964292610784, 0.0017539956823009303, 0.00017441614651491507, 0.0002555480697525642], [0.0017905246228799368, 0.001996964292610784, 4.043654066459163, 1.1176913859695743, 0.0005229690122178219, 0.0004427228211125186], [0.0017514905459539028, 0.0017539956823009303, 1.1176913859695743, 4.3071988211188055, 0.0004937142286474104, 0.0004345226026443316], [0.00016366865953383342, 0.00017441614651491507, 0.0005229690122178219, 0.0004937142286474104, 2.59474032349689, 0.004836973740245254], [0.000278558940429202, 0.0002555480697525642, 0.0004427228211125186, 0.0004345226026443316, 0.004836973740245254, 0.8690032616801323]], [[4.02072245619484, 0.14790697892110716, 0.0018820694969351006, 0.0016226313340881719, 0.00011120048898069935, 0.0003019223499988975], [0.14790697892110716, 3.2934929649397513, 0.002090908009251593, 0.0016869687233625674, 0.00010816690000460809, 0.00027654639504044536], [0.0018820694969351006, 0.002090908009251593, 4.1584840206252025, 0.06475738252966763, 0.0004337328026803848, 0.0004324179316657061], [0.0016226313340881719, 0.0016869687233625674, 0.06475738252966763, 4.21989253091663, 0.0005336469871826882, 0.0004414262410406119], [0.00011120048898069935, 0.00010816690000460809, 0.0004337328026803848, 0.0005336469871826882, 1.6660660342688605, 0.04267882201927175], [0.0003019223499988975, 0.00027654639504044536, 0.0004324179316657061, 0.0004414262410406119, 0.04267882201927175, 1.1112242032648045]], [[3.3427801009510483, 0.1796882160523399, 0.002076090438411424, 0.0016121815122703595, 0.0001835187955793349, 0.00029519078383787804], [0.1796882160523399, 3.5236057627129767, 0.0020436287468644245, 0.001684615677732419, 0.00017723241692519756, 0.0002551568760697464], [0.002076090438411424, 0.0020436287468644245, 3.8904772968954053, 0.02745593807339411, 0.0004350662105560891, 0.000404180852577246], [0.0016121815122703595, 0.001684615677732419, 0.02745593807339411, 3.66226807042642, 0.0005527734462986118, 0.0004703104273721747], [0.0001835187955793349, 0.00017723241692519756, 0.0004350662105560891, 0.0005527734462986118, 2.229959264979914, 0.00855455892041264], [0.00029519078383787804, 0.0002551568760697464, 0.000404180852577246, 0