[[[0.0, 0.0, 0.0, 0.0, 0.0, 0.0], [0.0, 0.0, 0.0, 0.0, 0.0, 0.0], [0.0, 0.0, 0.0, 0.0, 0.0, 0.0], [0.0, 0.0, 0.0, 0.07865575396022054, 0.07893731825368415, 0.07738535992523081], [0.0, 0.0, 0.0, 0.07893731825368415, 0.07928534402569655, 0.07767702132367792], [0.0, 0.0, 0.0, 0.07738535992523081, 0.07767702132367792, 0.07619948680809742]], [[24.221291348649554, 23.68063489232489, 0.053823201120460816, 0.006985718655747612, 0.006861590524350572, 0.00348028536850239], [23.68063489232489, 23.164387391788967, 0.05411769978579686, 0.006982856202732886, 0.006858832901313851, 0.0034783171011971707], [0.053823201120460816, 0.05411769978579686, 20.754506957521123, 0.010399375932168128, 0.010337266663945651, 0.004068724303917786], [0.006985718655747612, 0.006982856202732886, 0.010399375932168128, 0.07538365391388108, 0.07466406116097249, 0.03587922134474837], [0.006861590524350572, 0.006858832901313851, 0.010337266663945651, 0.07466406116097249, 0.07401353141014948, 0.035520444383553326], [0.00348028536850239, 0.0034783171011971707, 0.004068724303917786, 0.03587922134474837, 0.035520444383553326, 0.09096276557440451]], [[6.992834449210477, 6.926102701431493, 0.04082652362402518, 0.010481392363430252, 0.01009038069253438, 0.004468719767149953], [6.926102701431493, 6.8606835764727325, 0.04079838877763986, 0.010449885600312198, 0.010060456330300295, 0.004455622104332274], [0.04082652362402518, 0.04079838877763986, 6.992988829583043, 0.01286914763287206, 0.012587514759223201, 0.005168764525198002], [0.010481392363430252, 0.010449885600312198, 0.01286914763287206, 0.0723329818853648, 0.0732699539739214, 0.03580457529166171], [0.01009038069253438, 0.010060456330300295, 0.012587514759223201, 0.0732699539739214, 0.07426150679439222, 0.0360263302006347], [0.004468719767149953, 0.004455622104332274, 0.005168764525198002, 0.03580457529166171, 0.0360263302006347, 0.08613999634008732]], [[3.283414760413183, 3.3052612902611536, 0.033281380566396415, 0.010490439965434657, 0.010374010916837843, 0.004956003846852338], [3.3052612902611536, 3.3275968312264137, 0.03311439292498056, 0.010511352176292798, 0.010394624620285054, 0.00496665180490468], [0.033281380566396415, 0.03311439292498056, 3.199880410837714, 0.015056827021851099, 0.015211371690318092, 0.005776493306851108], [0.010490439965434657, 0.010511352176292798, 0.015056827021851099, 0.07878736695073552, 0.07791782568560257, 0.03679614111997109], [0.010374010916837843, 0.010394624620285054, 0.015211371690318092, 0.07791782568560257, 0.07709341586025618, 0.036440606341728264], [0.004956003846852338, 0.00496665180490468, 0.005776493306851108, 0.03679614111997109, 0.036440606341728264, 0.08229184078210067]], [[1.7860185753313147, 1.818293691569204, 0.029800734175251864, 0.011943584924699444, 0.012010467517334304, 0.005250592854858132], [1.818293691569204, 1.8531460570077187, 0.029948520188079034, 0.012052269024192859, 0.012120313215212977, 0.0052993055806493175], [0.029800734175251864, 0.029948520188079034, 1.7278203842306936, 0.02080387721548824, 0.02035835322077284, 0.007127178232075678], [0.011943584924699444, 0.012052269024192859, 0.02080387721548824, 0.08309914170883416, 0.0840504071165627, 0.03614843533318021], [0.012010467517334304, 0.012120313215212977, 0.02035835322077284, 0.0840504071165627, 0.08511714005089133, 0.036430782062339004], [0.005250592854858132, 0.0052993055806493175, 0.007127178232075678, 0.03614843533318021, 0.036430782062339004, 0.0848320018985309]], [[1.2888930024528, 1.2787311240210377, 0.03027808199045795, 0.014445247745896273, 0.014479201437155942, 0.005966012634866366], [1.2787311240210377, 1.2687112103680753, 0.030070750946366902, 0.014388719076276545, 0.01442155869443909, 0.005945945058906], [0.03027808199045795, 0.030070750946366902, 0.8728481409533038, 0.0291418050804616, 0.02891801622511064, 0.008839729552964446], [0.014445247745896273, 0.014388719076276545, 0.0291418050804616, 0.08886730492984218, 0.0887685984523518, 0.03376275335209582], [0.014479201437155942, 0.01442155869443909, 0.02891801622511064, 0.0887685984523518, 0.08873959585369233, 0.03366188201603125], [0.005966012634866366, 0.005945945058906, 0.008839729552964446, 0.03376275335209582, 0.03366188201603125, 0.08992280300931588]], [[0.8416589772044073, 0.8320724949661517, 0.028739884750564916, 0.017522603721075627, 0.01730827313993486, 0.006222285575205751], [0.8320724949661517, 0.8227891763818223, 0.028571886548768348, 0.017458078699755852, 0.01724475728876527, 0.006202208379401771], [0.028739884750564916, 0.028571886548768348, 0.4707796519282043, 0.03798154309408503, 0.0380666767859337, 0.00894270851102841], [0.017522603721075627, 0.017458078699755852, 0.03798154309408503, 0.08759067492477465, 0.08946624095328741, 0.030444842989939998], [0.01730827313993486, 0.01724475728876527, 0.0380666767859337, 0.08946624095328741, 0.09142903178843624, 0.03039120105058613], [0.006222285575205751, 0.006202208379401771, 0.00894270851102841, 0.030444842989939998, 0.03039120105058613, 0.10910698572768746]], [[0.583623689830429, 0.5851302360976437, 0.02967705855906471, 0.021363236937464242, 0.021593157761269702, 0.00651611518105248], [0.5851302360976437, 0.5867313687297817, 0.02999538388292946, 0.021494988931389455, 0.021723301719306972, 0.006545754005890746], [0.02967705855906471, 0.02999538388292946, 0.37680271857089775, 0.05889573361067268, 0.05893495537018849, 0.01000247501675601], [0.021363236937464242, 0.021494988931389455, 0.05889573361067268, 0.08695922707435638, 0.08839850479817907, 0.025371618486719174], [0.021593157761269702, 0.021723301719306972, 0.05893495537018849, 0.08839850479817907, 0.08990924986839684, 0.02546984249252482], [0.00651611518105248, 0.006545754005890746, 0.01000247501675601, 0.025371618486719174, 0.02546984249252482, 0.12444811015766344]], [[0.47185930417202726, 0.47311705577111457, 0.03292746902513435, 0.02907260634471591, 0.029235283904242782, 0.00697387829305141], [0.47311705577111457, 0.4745279339304819, 0.032868648961955134, 0.02915884713708111, 0.029321177544420526, 0.006983595457027138], [0.03292746902513435, 0.032868648961955134, 0.3295984170490293, 0.08817401793317386, 0.0882431976447256, 0.01151814523412514], [0.02907260634471591, 0.02915884713708111, 0.08817401793317386, 0.0888737091263536, 0.0876094956225793, 0.021191911446921632], [0.029235283904242782, 0.029321177544420526, 0.0882431976447256, 0.0876094956225793, 0.08643867050678307, 0.021447160261883584], [0.00697387829305141, 0.006983595457027138, 0.01151814523412514, 0.021191911446921632, 0.021447160261883584, 0.13999066787759873]], [[0.3661645801548788, 0.36623830151317355, 0.03650278077027502, 0.04160210967818568, 0.041313372920499795, 0.007423294581698891], [0.36623830151317355, 0.3663798415315563, 0.036251531740914694, 0.041416736897479337, 0.04112903066467743, 0.007400183196883524], [0.03650278077027502, 0.036251531740914694, 0.2505964733498787, 0.12131124258575086, 0.12122423819135193, 0.012094476221397636], [0.04160210967818568, 0.041416736897479337, 0.12131124258575086, 0.09472007399089248, 0.09490116970047678, 0.018113588145474147], [0.041313372920499795, 0.04112903066467743, 0.12122423819135193, 0.09490116970047678, 0.09515331381922955, 0.018025899729791933], [0.007423294581698891, 0.007400183196883524, 0.012094476221397636, 0.018113588145474147, 0.018025899729791933, 0.15949740037184068]], [[0.319649849324284, 0.3168475287980523, 0.06398388523951207, 0.06406373079205258, 0.04239434295798221, 0.008053408714474498], [0.3168475287980523, 0.3141972393134625, 0.06351528480393366, 0.06358707572848843, 0.04215592022289305, 0.008010613705840447], [0.06398388523951207, 0.06351528480393366, 0.10999426763489621, 0.11015015500559229, 0.14367009363434316, 0.01571931407489217], [0.06406373079205258, 0.06358707572848843, 0.11015015500559229, 0.11035474088849952, 0.14397421667581134, 0.015657253220295028], [0.04239434295798221, 0.04215592022289305, 0.14367009363434316, 0.14397421667581134, 0.23317266479078, 0.012487514817617795], [0.008053408714474498, 0.008010613705840447, 0.01571931407489217, 0.015657253220295028, 0.012487514817617795, 0.18002157109169412]], [[0.27485207978162385, 0.272290511999829, 0.09898091487725776, 0.09799423195536237, 0.04925435436862302, 0.008908336646255255], [0.272290511999829, 0.2698296996556729, 0.0981950570293441, 0.09723117432431369, 0.04889071779488698, 0.008861048459004595], [0.09898091487725776, 0.0981950570293441, 0.13818887413668657, 0.13723881773452323, 0.12835233956343023, 0.014514642991331947], [0.09799423195536237, 0.09723117432431369, 0.13723881773452323, 0.13634589322472457, 0.12852963265891204, 0.014401251143217601], [0.04925435436862302, 0.04889071779488698, 0.12835233956343023, 0.12852963265891204, 0.18286696724750923, 0.011812290938426406], [0.008908336646255255, 0.008861048459004595, 0.014514642991331947, 0.014401251143217601, 0.011812290938426406, 0.198914823024244]], [[0.3333942432452145, 0.32644343367056394, 0.14216855981306556, 0.14106002425269412, 0.057780185870547104, 0.010048183187534645], [0.32644343367056394, 0.31977152188296903, 0.14040774862552924, 0.13931413844465435, 0.05738459379510545, 0.009941900671839197], [0.14216855981306556, 0.14040774862552924, 0.13929329466323018, 0.1394694179869518, 0.09871767436521062, 0.013841937532370367], [0.14106002425269412, 0.13931413844465435, 0.1394694179869518, 0.13971360441830497, 0.0989950654733753, 0.013802112730949771], [0.057780185870547104, 0.05738459379510545, 0.09871767436521062, 0.0989950654733753, 0.1328977223983285, 0.010546364020005026], [0.010048183187534645, 0.009941900671839197, 0.013841937532370367, 0.013802112730949771, 0.010546364020005026, 0.2036604583070688]], [[39.433224292644425, 38.71993800577405, 0.03877068460677537, 0.006888930433595641, 0.0068701954042562205, 0.003367374618044351], [38.71993800577405, 38.05209140229591, 0.0389797662798929, 0.006888303721918744, 0.006869758981102463, 0.00336713565223632], [0.03877068460677537, 0.0389797662798929, 10.8584675125303, 0.010488536590021276, 0.010420413632907001, 0.004600441044899695], [0.006888930433595641, 0.006888303721918744, 0.010488536590021276, 0.07313203377675845, 0.07298050915121859, 0.03697591326218424], [0.0068701954042562205, 0.006869758981102463, 0.010420413632907001, 0.07298050915121859, 0.07290035523830984, 0.03697811105427494], [0.003367374618044351, 0.00336713565223632, 0.004600441044899695, 0.03697591326218424, 0.03697811105427494, 0.08921682068851688]], [[12.277969100932394, 1.8038596279376051, 0.030969499999880988, 0.00848586866559447, 0.008381559271592119, 0.004207770330728413], [1.8038596279376051, 9.833963748795114, 0.034427553609048346, 0.008698717089765193, 0.008823962014061404, 0.004223902815344593], [0.030969499999880988, 0.034427553609048346, 4.53382114182116, 0.011833561237038964, 0.012066727392701537, 0.004959031887441035], [0.00848586866559447, 0.008698717089765193, 0.011833561237038964, 0.07194887766059013, 0.07053050481649899, 0.03752227623744604], [0.008381559271592119, 0.008823962014061404, 0.012066727392701537, 0.07053050481649899, 0.06943270713272282, 0.037254067378513646], [0.004207770330728413, 0.004223902815344593, 0.004959031887441035, 0.03752227623744604, 0.037254067378513646, 0.08241161260360882]], [[5.105210597780875, 0.9985209389790212, 0.02701586362363189, 0.009955675439089963, 0.00989649508047289, 0.004557469236982099], [0.9985209389790212, 3.7706058407170353, 0.03227137072562929, 0.01020018831620453, 0.010098340736272724, 0.004618214730260092], [0.02701586362363189, 0.03227137072562929, 2.5669399648947113, 0.014920926061362291, 0.014453310873710786, 0.005876481218143288], [0.009955675439089963, 0.01020018831620453, 0.014920926061362291, 0.07798359698418462, 0.07377179745258326, 0.038259896876568014], [0.00989649508047289, 0.010098340736272724, 0.014453310873710786, 0.07377179745258326, 0.07063361468448072, 0.03862859658936432], [0.004557469236982099, 0.004618214730260092, 0.005876481218143288, 0.038259896876568014, 0.03862859658936432, 0.08282062086471201]], [[2.777631600718595, 0.7965633682754827, 0.024735189763082192, 0.01154776959320333, 0.01053335697494472, 0.005314135211201266], [0.7965633682754827, 2.0324977117356116, 0.031270733797808155, 0.01209541110101045, 0.01106355765036253, 0.005446802427841003], [0.024735189763082192, 0.031270733797808155, 1.4847107326616484, 0.019561102962727395, 0.018012409333832753, 0.00680468875369326], [0.01154776959320333, 0.01209541110101045, 0.019561102962727395, 0.08713928438646434, 0.08131179564360637, 0.03759298313414498], [0.01053335697494472, 0.01106355765036253, 0.018012409333832753, 0.08131179564360637, 0.0773433243286132, 0.03981543251938494], [0.005314135211201266, 0.005446802427841003, 0.00680468875369326, 0.03759298313414498, 0.03981543251938494, 0.08542038700571895]], [[1.6998917149887038, 0.6878835964176429, 0.02393302947173781, 0.013120133029649775, 0.01210908657832398, 0.005723842488724291], [0.6878835964176429, 1.3771461731676804, 0.03110852602600162, 0.014574186238679714, 0.013426049681758466, 0.006061320116986302], [0.02393302947173781, 0.03110852602600162, 0.9194443731619785, 0.028218334710849377, 0.024309767431305744, 0.008493157208275766], [0.013120133029649775, 0.014574186238679714, 0.028218334710849377, 0.09016677032321505, 0.08553259721432172, 0.03446251848746159], [0.01210908657832398, 0.013426049681758466, 0.024309767431305744, 0.08553259721432172, 0.08455720294609902, 0.03954012277876567], [0.005723842488724291, 0.006061320116986302, 0.008493157208275766, 0.03446251848746159, 0.03954012277876567, 0.09164516564102976]], [[1.1779086603704336, 0.5684505595093773, 0.024046044974269577, 0.01599619174642018, 0.014313105760715091, 0.006089311779965055], [0.5684505595093773, 0.8891220346839335, 0.03141878684464958, 0.017771216548854735, 0.015559717029285205, 0.006277099237605149], [0.024046044974269577, 0.03141878684464958, 0.48407506088967106, 0.038000495194282204, 0.029860077088450194, 0.00875957337144262], [0.01599619174642018, 0.017771216548854735, 0.038000495194282204, 0.09208948652657743, 0.08512266392871752, 0.029691910300290378], [0.014313105760715091, 0.015559717029285205, 0.029860077088450194, 0.08512266392871752, 0.08611047280958298, 0.03656982397432731], [0.006089311779965055, 0.006277099237605149, 0.00875957337144262, 0.029691910300290378, 0.03656982397432731, 0.10411358406401734]], [[0.8111291115418616, 0.4372054566712286, 0.024211920327317737, 0.019858623020314308, 0.01690493954493107, 0.0063482974581055155], [0.4372054566712286, 0.6115387618253099, 0.033063353534470485, 0.022659002353396223, 0.01902405859631047, 0.006625281788830916], [0.024211920327317737, 0.033063353534470485, 0.39492865969196383, 0.06012202158415309, 0.04369301213730572, 0.009933797674898954], [0.019858623020314308, 0.022659002353396223, 0.06012202158415309, 0.08897805316474468, 0.0837935303383338, 0.024903262798019504], [0.01690493954493107, 0.01902405859631047, 0.04369301213730572, 0.0837935303383338, 0.08854285052564714, 0.03158410168448081], [0.0063482974581055155, 0.006625281788830916, 0.009933797674898954, 0.024903262798019504, 0.03158410168448081, 0.12174040531388608]], [[0.5889937226336128, 0.35435474238000536, 0.025573043021416633, 0.0260059224169542, 0.020497286140767033, 0.006594791240088178], [0.35435474238000536, 0.4843414316774082, 0.038501761028107394, 0.03264175688226149, 0.024701206946621142, 0.007223442302288853], [0.025573043021416633, 0.038501761028107394, 0.33536727570418834, 0.09404116285034443, 0.06525131390711272, 0.01126233359097928], [0.0260059224169542, 0.03264175688226149, 0.09404116285034443, 0.09125226572179487, 0.08401801760893178, 0.02079655939808858], [0.020497286140767033, 0.024701206946621142, 0.06525131390711272, 0.08401801760893178, 0.09006355164141011, 0.026258506909998282], [0.006594791240088178, 0.007223442302288853, 0.01126233359097928, 0.02079655939808858, 0.026258506909998282, 0.13240592131926668]], [[0.47593251181828683, 0.28679465054649145, 0.030012443450280524, 0.03531843398106587, 0.026708474958924245, 0.006792447156311539], [0.28679465054649145, 0.3763635716085252, 0.046253568533924226, 0.04748351128538621, 0.034183621416152964, 0.007642148248559152], [0.030012443450280524, 0.046253568533924226, 0.22929003487293614, 0.13826498693263886, 0.09018640511406359, 0.01242704004376336], [0.03531843398106587, 0.04748351128538621, 0.13826498693263886, 0.11346521029318692, 0.09091408601729978, 0.01758156191227538], [0.026708474958924245, 0.034183621416152964, 0.09018640511406359, 0.09091408601729978, 0.0882203911940556, 0.022252204598788874], [0.006792447156311539, 0.007642148248559152, 0.01242704004376336, 0.01758156191227538, 0.022252204598788874, 0.158087303385585]], [[0.34987978781369516, 0.23498329232613124, 0.05469380300881659, 0.032624642331401076, 0.036147842940496014, 0.00707012683701422], [0.23498329232613124, 0.3172783018379335, 0.08019975486198133, 0.051317205076082645, 0.04992426257148513, 0.008352137949788624], [0.05469380300881659, 0.08019975486198133, 0.13394520498814833, 0.1501571184883425, 0.09853640632375688, 0.01444889647881451], [0.032624642331401076, 0.051317205076082645, 0.1501571184883425, 0.20397916876286237, 0.12098842045703621, 0.01382200618385205], [0.036147842940496014, 0.04992426257148513, 0.09853640632375688, 0.12098842045703621, 0.09320600005313336, 0.0185863133649142], [0.00707012683701422, 0.008352137949788624, 0.01444889647881451, 0.01382200618385205, 0.0185863133649142, 0.17481096587817413]], [[0.3086447890987244, 0.21763845150448607, 0.08721461968259255, 0.05432448743224168, 0.03649796768599981, 0.007851883319940996], [0.21763845150448607, 0.30136245180904003, 0.12458813828841275, 0.07678952094983404, 0.05784950231767151, 0.009228168205790794], [0.08721461968259255, 0.12458813828841275, 0.14270636867960207, 0.11245314088303347, 0.12014066056766148, 0.01389027890558464], [0.05432448743224168, 0.07678952094983404, 0.11245314088303347, 0.10456278055813716, 0.12472069423806499, 0.016163105983567225], [0.03649796768599981, 0.05784950231767151, 0.12014066056766148, 0.12472069423806499, 0.17119350043452913, 0.012641963310867477], [0.007851883319940996, 0.009228168205790794, 0.01389027890558464, 0.016163105983567225, 0.012641963310867477, 0.18572770071970837]], [[0.27451919853452533, 0.26636466744133885, 0.11235936756713553, 0.08601729590686165, 0.042893812422971786, 0.008825330198243005], [0.26636466744133885, 0.36126351969274473, 0.15053995059511308, 0.11695990041858005, 0.06029138189828759, 0.009957269165281312], [0.11235936756713553, 0.15053995059511308, 0.1452101294827539, 0.13601566732269052, 0.09810865993642263, 0.013845600363026614], [0.08601729590686165, 0.11695990041858005, 0.13601566732269052, 0.1371371761564086, 0.11266746582444721, 0.014697207061098673], [0.042893812422971786, 0.06029138189828759, 0.09810865993642263, 0.11266746582444721, 0.13235926488880315, 0.011475166180255916], [0.008825330198243005, 0.009957269165281312, 0.013845600363026614, 0.014697207061098673, 0.011475166180255916, 0.20156567548031243]], [[0.30887311572695914, 0.2915663354513292, 0.12378128244316643, 0.114801569280565, 0.048941823364612114, 0.009449053204514604], [0.2915663354513292, 0.2864233087094801, 0.13271816472393283, 0.12415533628386854, 0.05455404080128133, 0.009682380085105607], [0.12378128244316643, 0.13271816472393283, 0.14988896130657428, 0.15255936551271249, 0.09800866214738256, 0.013913202752017212], [0.114801569280565, 0.12415533628386854, 0.15255936551271249, 0.15690751067153694, 0.10606127271299906, 0.014013275605433884], [0.048941823364612114, 0.05455404080128133, 0.09800866214738256, 0.10606127271299906, 0.12059135921971838, 0.011133985938737094], [0.009449053204514604, 0.009682380085105607, 0.013913202752017212, 0.014013275605433884, 0.011133985938737094, 0.20440687454572326]], [[0.30766454793281584, 0.2326489624336065, 0.10976062230989717, 0.07152447161905301, 0.039956409025858154, 0.008437644629038402], [0.2326489624336065, 0.35167871550360136, 0.15384219310181266, 0.10891409859530625, 0.06390287589850453, 0.009911596180329937], [0.10976062230989717, 0.15384219310181266, 0.13235084303093592, 0.12365027465868988, 0.09379661286844211, 0.013796529408433868], [0.07152447161905301, 0.10891409859530625, 0.12365027465868988, 0.13507632325211338, 0.11894120202562367, 0.014411784744643], [0.039956409025858154, 0.06390287589850453, 0.09379661286844211, 0.11894120202562367, 0.1316526130811008, 0.012174183044465407], [0.008437644629038402, 0.009911596180329937, 0.013796529408433868, 0.014411784744643, 0.012174183044465407, 0.19040104843145142]], [[0.3382341256190309, 0.20662048554934523, 0.07784382050858281, 0.041856121086612845, 0.03748841796399521, 0.0075355187572862335], [0.20662048554934523, 0.26193217797333995, 0.1115977541054079, 0.06743356613383017, 0.056648646787732584, 0.009044137765238906], [0.07784382050858281, 0.1115977541054079, 0.13823136311576778, 0.12575126707108905, 0.10650083857828675, 0.014053071708109863], [0.041856121086612845, 0.06743356613383017, 0.12575126707108905, 0.14346753516691185, 0.12894959227819897, 0.013165629736764795], [0.03748841796399521, 0.056648646787732584, 0.10650083857828675, 0.12894959227819897, 0.1285508895207667, 0.015894087645636375], [0.0075355187572862335, 0.009044137765238906, 0.014053071708109863, 0.013165629736764795, 0.015894087645636375, 0.17944270145770067]], [[0.41449323447279063, 0.2417882457498571, 0.049643398504352475, 0.029715548581725978, 0.030687488640068913, 0.006896787461873597], [0.2417882457498571, 0.30348801719927815, 0.07172581625529491, 0.050851837260632526, 0.04251517196331378, 0.008252890734247733], [0.049643398504352475, 0.07172581625529491, 0.11411800551145813, 0.14642892489120274, 0.08983221278375436, 0.015376600042205117], [0.029715548581725978, 0.050851837260632526, 0.14642892489120274, 0.22394324312362304, 0.10809734613110361, 0.012367265711082638], [0.030687488640068913, 0.04251517196331378, 0.08983221278375436, 0.10809734613110361, 0.09645643743998708, 0.02048812574219228], [0.006896787461873597, 0.008252890734247733, 0.015376600042205117, 0.012367265711082638, 0.02048812574219228, 0.16728948928565407]], [[0.5579842463934831, 0.29498562145458174, 0.02682577479973878, 0.033990591248251004, 0.023742699751328714, 0.006812852888578165], [0.29498562145458174, 0.3661643645079579, 0.043415603148914295, 0.044814262044349254, 0.02999669795562178, 0.007548014611138302], [0.02682577479973878, 0.043415603148914295, 0.28883857993449535, 0.12591380015428735, 0.07783661999390987, 0.011984477075328263], [0.033990591248251004, 0.044814262044349254, 0.12591380015428735, 0.0976695703971216, 0.0827325242842976, 0.017839082275959692], [0.023742699751328714, 0.02999669795562178, 0.07783661999390987, 0.0827325242842976, 0.09213001276527352, 0.024623978890235064], [0.006812852888578165, 0.007548014611138302, 0.011984477075328263, 0.017839082275959692, 0.024623978890235064, 0.15022177823010568]], [[0.7230430963600735, 0.3521897241005011, 0.02453539831264046, 0.025056306615845136, 0.01858298981793806, 0.006585364993761429], [0.3521897241005011, 0.47206461740417816, 0.03757680149211244, 0.03065544118192604, 0.021978605522963802, 0.0070152757504209715], [0.02453539831264046, 0.03757680149211244, 0.34405362657430416, 0.08406992966841226, 0.05370213054115798, 0.01057922427711448], [0.025056306615845136, 0.03065544118192604, 0.08406992966841226, 0.08738339210065679, 0.08105344709518864, 0.02102909155715421], [0.01858298981793806, 0.021978605522963802, 0.05370213054115798, 0.08105344709518864, 0.09419902346045562, 0.02935613955685484], [0.006585364993761429, 0.0070152757504209715, 0.01057922427711448, 0.02102909155715421, 0.02935613955685484, 0.13059109100819916]], [[1.031859633434449, 0.41086841398490415, 0.02330270581814587, 0.019124775892673244, 0.015278048430215454, 0.006351255194445005], [0.41086841398490415, 0.6056517015937812, 0.03370589773578249, 0.021960395742916514, 0.016971478617408272, 0.006502609737787034], [0.02330270581814587, 0.03370589773578249, 0.42690872798075263, 0.054587867910799455, 0.036360257091805424, 0.009437794873036101], [0.019124775892673244, 0.021960395742916514, 0.054587867910799455, 0.08738380788023771, 0.0823340005922517, 0.025347824036670602], [0.015278048430215454, 0.016971478617408272, 0.036360257091805424, 0.0823340005922517, 0.09345769360609513, 0.03541384040910209], [0.006351255194445005, 0.006502609737787034, 0.009437794873036101, 0.025347824036670602, 0.03541384040910209, 0.11640791913171196]], [[1.4680654567016744, 0.46111599873052783, 0.023281376429773466, 0.0155489241559455, 0.013187862709663874, 0.005934786464622095], [0.46111599873052783, 0.8854988008497396, 0.03327373107872603, 0.017617108966884013, 0.01457966445002084, 0.006289130201197363], [0.023281376429773466, 0.03327373107872603, 0.6046360021004339, 0.03591182403775922, 0.026209902970437383, 0.008694071182489846], [0.0155489241559455, 0.017617108966884013, 0.03591182403775922, 0.08685253720661183, 0.08301989080131959, 0.02997620607174352], [0.013187862709663874, 0.01457966445002084, 0.026209902970437383, 0.08301989080131959, 0.0899346798093333, 0.039748210284500644], [0.005934786464622095, 0.006289130201197363, 0.008694071182489846, 0.02997620607174352, 0.039748210284500644, 0.10069978747159658]], [[2.405225945818211, 0.4412105401453688, 0.023355412154041588, 0.013293489775925673, 0.011210196766966723, 0.005648051666849899], [0.4412105401453688, 1.3297747344165627, 0.03508055477219069, 0.014567671690920521, 0.01249078649797903, 0.005890794404982035], [0.023355412154041588, 0.03508055477219069, 1.2376024580005434, 0.026724459723175716, 0.02130403463739579, 0.008002025099037118], [0.013293489775925673, 0.014567671690920521, 0.026724459723175716, 0.08753467815169297, 0.08104889457692235, 0.03416778925115944], [0.011210196766966723, 0.01249078649797903, 0.02130403463739579, 0.08104889457692235, 0.08089999713294319, 0.04115183874916488], [0.005648051666849899, 0.005890794404982035, 0.008002025099037118, 0.03416778925115944, 0.04115183874916488, 0.09066201507754126]], [[4.014005182146216, 0.3481292062502099, 0.023982710836851516, 0.011912423015761772, 0.01069188099190505, 0.005190507767309526], [0.3481292062502099, 1.9166387417793027, 0.036192935865666756, 0.01198973680314623, 0.010722103307967835, 0.005113787169046801], [0.023982710836851516, 0.036192935865666756, 1.9648123351343791, 0.01860550665876447, 0.015735312670411495, 0.006600203766226037], [0.011912423015761772, 0.01198973680314623, 0.01860550665876447, 0.08537681514297438, 0.07684883836151934, 0.03649050034859812], [0.01069188099190505, 0.010722103307967835, 0.015735312670411495, 0.07684883836151934, 0.07153029371086633, 0.039462298082725604], [0.005190507767309526, 0.005113787169046801, 0.006600203766226037, 0.03649050034859812, 0.039462298082725604, 0.08275805035735283]], [[7.825014152239845, 0.23958421046953457, 0.026535417593813646, 0.01024883436102052, 0.009013024144307998, 0.004486280662297445], [0.23958421046953457, 3.4885655873966295, 0.04302438965737411, 0.010648520877757495, 0.010147025442878396, 0.004751470823609865], [0.026535417593813646, 0.04302438965737411, 3.579025841495818, 0.01395956942709327, 0.012566140943722487, 0.0054396642188073736], [0.01024883436102052, 0.010648520877757495, 0.01395956942709327, 0.077778309177887, 0.07163866091558342, 0.03685592914252442], [0.009013024144307998, 0.010147025442878396, 0.012566140943722487, 0.07163866091558342, 0.06713199484187594, 0.0374972572323887], [0.004486280662297445, 0.004751470823609865, 0.0054396642188073736, 0.03685592914252442, 0.0374972572323887, 0.08008781860486826]], [[20.797787393050058, 0.18652118095387427, 0.03221923132610829, 0.00810625090382298, 0.007857943290837045, 0.0038268574376801165], [0.18652118095387427, 7.403006504748689, 0.05198980258083518, 0.009421472867853806, 0.00855463345914427, 0.004175320525842505], [0.03221923132610829, 0.05198980258083518, 7.383112799900808, 0.011338507057634662, 0.011582966522151204, 0.004686178542657351], [0.00810625090382298, 0.009421472867853806, 0.011338507057634662, 0.07546522750029983, 0.07237231463753718, 0.03650584128937383], [0.007857943290837045, 0.00855463345914427, 0.011582966522151204, 0.07237231463753718, 0.06997706591310945, 0.03659164366778639], [0.0038268574376801165, 0.004175320525842505, 0.004686178542657351, 0.03650584128937383, 0.03659164366778639, 0.08788564048217766]], [[11.009971512188876, 10.74998762303872, 0.021407467989241778, 0.008985686122270636, 0.00887596249847676, 0.004283126095317429], [10.74998762303872, 10.512053203389572, 0.02146101115595502, 0.008989122043457077, 0.00887560140899455, 0.004283850162621422], [0.021407467989241778, 0.02146101115595502, 2.6909311940000475, 0.013285094600081766, 0.013111420314022095, 0.005420335812061842], [0.008985686122270636, 0.008989122043457077, 0.013285094600081766, 0.06473725631394135, 0.06533207539650873, 0.04255753651532257], [0.00887596249847676, 0.00887560140899455, 0.013111420314022095, 0.06533207539650873, 0.06597510231371725, 0.04313153725750325], [0.004283126095317429, 0.004283850162621422, 0.005420335812061842, 0.04255753651532257, 0.04313153725750325, 0.08979325036435783]], [[6.278497393896443, 2.5828891704903567, 0.01838092564646005, 0.009083129731767009, 0.009129073071283913, 0.004920359824623707], [2.5828891704903567, 5.537254541937065, 0.019421672853244882, 0.00918955856455661, 0.009073821772052775, 0.004875856792666651], [0.01838092564646005, 0.019421672853244882, 1.514867108502719, 0.01576991695135498, 0.015015582297759634, 0.006529413269845831], [0.009083129731767009, 0.00918955856455661, 0.01576991695135498, 0.06884894899864918, 0.06666260216354637, 0.04645866393238837], [0.009129073071283913, 0.009073821772052775, 0.015015582297759634, 0.06666260216354637, 0.06500115265368693, 0.04652190198783492], [0.004920359824623707, 0.004875856792666651, 0.006529413269845831, 0.04645866393238837, 0.04652190198783492, 0.09345314156517483]], [[3.6278486741653437, 0.8188773553690416, 0.01737540691323616, 0.010100273677752953, 0.009759049167149137, 0.005224330764639138], [0.8188773553690416, 3.1338523313659388, 0.021166827850735336, 0.01080139587814271, 0.010450200681580818, 0.005364746546700237], [0.01737540691323616, 0.021166827850735336, 1.0090605532573658, 0.01914643166238706, 0.017182211470654928, 0.007313723148107023], [0.010100273677752953, 0.01080139587814271, 0.01914643166238706, 0.08516133390900907, 0.07526253238380376, 0.04703466425276873], [0.009759049167149137, 0.010450200681580818, 0.017182211470654928, 0.07526253238380376, 0.06823757603558728, 0.04791069246167761], [0.005224330764639138, 0.005364746546700237, 0.007313723148107023, 0.04703466425276873, 0.04791069246167761, 0.09611579905108766]], [[2.3820243496316675, 0.46335101592781697, 0.018519300162861074, 0.01142388304676716, 0.010679308424114683, 0.005592469729728476], [0.46335101592781697, 1.7897095527391829, 0.023794641797231675, 0.012688185834944002, 0.011564886431447173, 0.005893767643476013], [0.018519300162861074, 0.023794641797231675, 0.6746979454643497, 0.026128302587335877, 0.021388553804826342, 0.00851406057636548], [0.01142388304676716, 0.012688185834944002, 0.026128302587335877, 0.09789977213695256, 0.0836511200532128, 0.043122619513660504], [0.010679308424114683, 0.011564886431447173, 0.021388553804826342, 0.0836511200532128, 0.07561936786820281, 0.0486933785133242], [0.005592469729728476, 0.005893767643476013, 0.00851406057636548, 0.043122619513660504, 0.0486933785133242, 0.10702667353196849]], [[1.676242988783191, 0.34188081446686647, 0.019207511989290837, 0.01371612724306539, 0.012063073951141754, 0.005800585581187202], [0.34188081446686647, 1.1856386817992322, 0.026728493330392008, 0.015879794112963606, 0.013657855155273638, 0.006158042131570082], [0.019207511989290837, 0.026728493330392008, 0.4580435619590156, 0.037394035813517856, 0.02667750312704046, 0.00938030376257375], [0.01371612724306539, 0.015879794112963606, 0.037394035813517856, 0.09780641807603667, 0.08333709416612639, 0.03520321805010136], [0.012063073951141754, 0.013657855155273638, 0.02667750312704046, 0.08333709416612639, 0.08258901758523879, 0.04582927442054313], [0.005800585581187202, 0.006158042131570082, 0.00938030376257375, 0.03520321805010136, 0.04582927442054313, 0.11498065687665893]], [[1.0974637435327708, 0.25544141213567945, 0.01976824872229575, 0.01687477061911648, 0.013475863095912425, 0.005926759292418608], [0.25544141213567945, 0.8005605292309526, 0.03125203899323379, 0.021331118764301906, 0.01601937687393157, 0.00667532060576449], [0.01976824872229575, 0.03125203899323379, 0.3898996132451294, 0.0604817625258924, 0.03762509980603162, 0.010741571435517048], [0.01687477061911648, 0.021331118764301906, 0.0604817625258924, 0.09556680088418439, 0.08085265492948313, 0.028312547478541897], [0.013475863095912425, 0.01601937687393157, 0.03762509980603162, 0.08085265492948313, 0.08920756535491081, 0.04080602205462629], [0.005926759292418608, 0.00667532060576449, 0.010741571435517048, 0.028312547478541897, 0.04080602205462629, 0.12605008732796413]], [[0.7734509589939408, 0.20088661463619809, 0.020774536882997036, 0.02083760347480228, 0.015989913120114437, 0.006144013769128457], [0.20088661463619809, 0.5968853045150395, 0.03791686576976546, 0.03084668905310362, 0.02071624250915457, 0.0071281431799700935], [0.020774536882997036, 0.03791686576976546, 0.31340420007823844, 0.0921453000361673, 0.05207311541775094, 0.011646215322441115], [0.02083760347480228, 0.03084668905310362, 0.0921453000361673, 0.09816639648837695, 0.07869533613439622, 0.02323345012968922], [0.015989913120114437, 0.02071624250915457, 0.05207311541775094, 0.07869533613439622, 0.09022634664146058, 0.03466942346372103], [0.006144013769128457, 0.0071281431799700935, 0.011646215322441115, 0.02323345012968922, 0.03466942346372103, 0.13808557541622826]], [[0.5941613689248368, 0.16188062558008887, 0.02524782430158654, 0.02580374333730758, 0.01866201333890989, 0.006228302455883176], [0.16188062558008887, 0.41805124403914934, 0.04864509771652072, 0.04287650246582527, 0.02635825701796336, 0.007544041567379716], [0.02524782430158654, 0.04864509771652072, 0.2067843601757855, 0.12592445930066776, 0.06614831235574971, 0.012215916476463338], [0.02580374333730758, 0.04287650246582527, 0.12592445930066776, 0.12205026771648754, 0.08642813658790084, 0.019677231249560594], [0.01866201333890989, 0.02635825701796336, 0.06614831235574971, 0.08642813658790084, 0.09115909715872428, 0.028119150345692085], [0.006228302455883176, 0.007544041567379716, 0.012215916476463338, 0.019677231249560594, 0.028119150345692085, 0.15045016457136365]], [[0.4757334116751522, 0.1414477229156161, 0.04225597791170523, 0.027431291201356393, 0.02437263188656457, 0.006597541462090542], [0.1414477229156161, 0.3740129779991954, 0.09000572992460612, 0.05112248396010824, 0.037854625795368795, 0.008538640023677933], [0.04225597791170523, 0.09000572992460612, 0.1725612025162782, 0.12885239548819116, 0.07908882973229563, 0.013273733375676656], [0.027431291201356393, 0.05112248396010824, 0.12885239548819116, 0.14418573730493342, 0.0992312933383785, 0.01632289837947232], [0.02437263188656457, 0.037854625795368795, 0.07908882973229563, 0.0992312933383785, 0.09364778976749782, 0.023438322064187934], [0.006597541462090542, 0.008538640023677933, 0.013273733375676656, 0.01632289837947232, 0.023438322064187934, 0.161980089241722]], [[0.3630791861805725, 0.13637304060524397, 0.06763270335767811, 0.029115525147809313, 0.031710549961055705, 0.006968654730067418], [0.13637304060524397, 0.38407353111031456, 0.14877126099619667, 0.05582486510367658, 0.056743304805680926, 0.009303488196874212], [0.06763270335767811, 0.14877126099619667, 0.17664843458133264, 0.10318170779726941, 0.09147739130249403, 0.013312527812282475], [0.029115525147809313, 0.05582486510367658, 0.10318170779726941, 0.1282644740169918, 0.10749775392116097, 0.014727840192886886], [0.031710549961055705, 0.056743304805680926, 0.09147739130249403, 0.10749775392116097, 0.09638314088459377, 0.01956894110435991], [0.006968654730067418, 0.009303488196874212, 0.013312527812282475, 0.014727840192886886, 0.01956894110435991, 0.17352355626721774]], [[0.295796667598279, 0.20432594639139387, 0.08072766584030973, 0.046836339026335334, 0.03238118925423441, 0.007613798989406994], [0.20432594639139387, 0.3556763479361338, 0.14599059559920746, 0.07487573291873204, 0.05187313089384901, 0.00967219094581743], [0.08072766584030973, 0.14599059559920746, 0.1915218377362105, 0.11646334412630784, 0.09356841398123368, 0.013232487755576713], [0.046836339026335334, 0.07487573291873204, 0.11646334412630784, 0.10548135844925882, 0.10479227329945275, 0.016912347620396742], [0.03238118925423441, 0.05187313089384901, 0.09356841398123368, 0.10479227329945275, 0.1172505165883886, 0.014363966269016478], [0.007613798989406994, 0.00967219094581743, 0.013232487755576713, 0.016912347620396742, 0.014363966269016478, 0.18980544302316021]], [[0.2754438149112697, 0.3034054184551255, 0.08443658624997387, 0.07790385147590415, 0.03992563581884428, 0.008743742570556077], [0.3034054184551255, 0.3390641283904374, 0.08879421346014872, 0.0819267199832976, 0.04077884101096606, 0.00892591358163977], [0.08443658624997387, 0.08879421346014872, 0.19684558162241764, 0.15534829232679565, 0.0991739623617671, 0.013498012879870777], [0.07790385147590415, 0.0819267199832976, 0.15534829232679565, 0.1276874694396074, 0.093122990918153, 0.015018074224391848], [0.03992563581884428, 0.04077884101096606, 0.0991739623617671, 0.093122990918153, 0.11067009181092394, 0.014949985188879593], [0.008743742570556077, 0.00892591358163977, 0.013498012879870777, 0.015018074224391848, 0.014949985188879593, 0.19376574849260397]], [[0.3524405064788129, 0.2048730391220625, 0.08599185922753896, 0.050057226635787044, 0.033388195124646323, 0.00786465148161082], [0.2048730391220625, 0.2666944957428402, 0.13439561009608766, 0.09140469584312823, 0.05127394501772174, 0.009958917904884075], [0.08599185922753896, 0.13439561009608766, 0.15765561568270567, 0.1527552831224955, 0.08393240592296461, 0.013959010515694814], [0.050057226635787044, 0.09140469584312823, 0.1527552831224955, 0.1826397781285027, 0.10308983769266801, 0.012930515147331881], [0.033388195124646323, 0.05127394501772174, 0.08393240592296461, 0.10308983769266801, 0.11112543560237058, 0.017588219899158434], [0.00786465148161082, 0.009958917904884075, 0.013959010515694814, 0.012930515147331881, 0.017588219899158434, 0.18951557257248963]], [[0.3824320746802098, 0.10919257997092613, 0.09040424612509605, 0.03197864799887309, 0.027705758794705986, 0.00704616394729472], [0.10919257997092613, 0.37174953313008113, 0.1734369631508019, 0.09435101738090468, 0.054995137751881674, 0.010320987892899775], [0.09040424612509605, 0.1734369631508019, 0.13258036187693575, 0.11296798339408326, 0.06931572090858024, 0.013843290062319843], [0.03197864799887309, 0.09435101738090468, 0.11296798339408326, 0.16364245479721698, 0.09188187822351879, 0.011828882452802348], [0.027705758794705986, 0.054995137751881674, 0.06931572090858024, 0.09188187822351879, 0.1056726835986445, 0.02152705762299195], [0.00704616394729472, 0.010320987892899775, 0.013843290062319843, 0.011828882452802348, 0.02152705762299195, 0.17916292084037763]], [[0.5217056889148683, 0.11875484465470738, 0.05984138160922324, 0.02521511344183439, 0.02215386925720332, 0.006507190202572977], [0.11875484465470738, 0.23954892134062383, 0.12661062649863492, 0.07094143346213543, 0.04073081842864296, 0.009545687270885521], [0.05984138160922324, 0.12661062649863492, 0.1509947690313757, 0.14180235868459612, 0.06694291345282438, 0.013868167659514794], [0.02521511344183439, 0.07094143346213543, 0.14180235868459612, 0.19055121657372293, 0.07900525791466037, 0.011790914091081931], [0.02215386925720332, 0.04073081842864296, 0.06694291345282438, 0.07900525791466037, 0.10408899521932191, 0.026190904608744573], [0.006507190202572977, 0.009545687270885521, 0.013868167659514794, 0.011790914091081931, 0.026190904608744573,