[[[0.0, 0.0, 0.0, 0.0, 0.0, 0.0], [0.0, 0.0, 0.0, 0.0, 0.0, 0.0], [0.0, 0.0, 0.0, 0.0, 0.0, 0.0], [0.0, 0.0, 0.0, 0.7833443471750238, 0.7838138560624813, 0.7814744755146938], [0.0, 0.0, 0.0, 0.7838138560624813, 0.7847541553089334, 0.7818842734700552], [0.0, 0.0, 0.0, 0.7814744755146938, 0.7818842734700552, 0.779762339222058]], [[49.66427741734269, 49.496608524542296, 0.048949068752463396, 0.008844851325474136, 0.008750228350180977, 0.0010783303733383582], [49.496608524542296, 49.58939108918832, 0.04910178032485678, 0.008849513712135668, 0.008754916253006265, 0.0010791776174999045], [0.048949068752463396, 0.04910178032485678, 230.56366592824236, 0.0113570032601265, 0.011184593735531673, 0.00123175642846013], [0.008844851325474136, 0.008849513712135668, 0.0113570032601265, 0.7209268694369947, 0.7205065392859629, 0.01257981244307257], [0.008750228350180977, 0.008754916253006265, 0.011184593735531673, 0.7205065392859629, 0.7201402689398594, 0.012507936478449572], [0.0010783303733383582, 0.0010791776174999045, 0.00123175642846013, 0.01257981244307257, 0.012507936478449572, 1.0921537162683013]], [[14.619960480418051, 14.61586469565495, 0.032534249504140106, 0.013278882356771566, 0.013359705092947396, 0.0017854373303249462], [14.61586469565495, 14.61334693829769, 0.03282959003704299, 0.013278320545190597, 0.013359121773241433, 0.0017864445681675715], [0.032534249504140106, 0.03282959003704299, 66.59826413275069, 0.024411862650849298, 0.024461260688081313, 0.002649547526969827], [0.013278882356771566, 0.013278320545190597, 0.024411862650849298, 0.8130117857549118, 0.815761233198088, 0.012180816667574078], [0.013359705092947396, 0.013359121773241433, 0.024461260688081313, 0.815761233198088, 0.8185694505703783, 0.012118026882292143], [0.0017854373303249462, 0.0017864445681675715, 0.002649547526969827, 0.012180816667574078, 0.012118026882292143, 1.0526104073613898]], [[8.69283401750863, 8.679602033270234, 0.021216561765789062, 0.015830882128753172, 0.015854933218043713, 0.002985959303379923], [8.679602033270234, 8.666946132128876, 0.02116337631976957, 0.015830983620263906, 0.0158550614326294, 0.0029865505304450223], [0.021216561765789062, 0.02116337631976957, 23.998739938558767, 0.036704179998208034, 0.03733377372352035, 0.005295768365030028], [0.015830882128753172, 0.015830983620263906, 0.036704179998208034, 1.208105882986475, 1.204789433933979, 0.012065154377109888], [0.015854933218043713, 0.0158550614326294, 0.03733377372352035, 1.204789433933979, 1.2015746728399872, 0.012179284283442336], [0.002985959303379923, 0.0029865505304450223, 0.005295768365030028, 0.012065154377109888, 0.012179284283442336, 0.984297568413442]], [[7.2398016210474445, 7.167835516050365, 0.0192236828457213, 0.01711029555717149, 0.017479216201764704, 0.004600000029753076], [7.167835516050365, 7.097609442991056, 0.019160970102211808, 0.017108515084914584, 0.017477159014634158, 0.00459880529325036], [0.0192236828457213, 0.019160970102211808, 7.76151483978165, 0.04230488159794487, 0.04270291031976788, 0.00769440988235891], [0.01711029555717149, 0.017108515084914584, 0.04230488159794487, 1.4185363093890082, 1.4226539024615976, 0.014525335068850577], [0.017479216201764704, 0.017477159014634158, 0.04270291031976788, 1.4226539024615976, 1.4268303080212534, 0.014547899954857136], [0.004600000029753076, 0.00459880529325036, 0.00769440988235891, 0.014525335068850577, 0.014547899954857136, 0.9184942468580777]], [[6.488380601477204, 6.446796522286796, 0.02336044339042868, 0.019820780997058637, 0.02018382438643126, 0.006596118799083717], [6.446796522286796, 6.411191723491117, 0.02344162426269672, 0.01983162574891565, 0.020193263402412384, 0.006590908024952169], [0.02336044339042868, 0.02344162426269672, 5.31215442657488, 0.027652536444970694, 0.027987958231990736, 0.006370554479415144], [0.019820780997058637, 0.01983162574891565, 0.027652536444970694, 1.5304205437846705, 1.5260341334313883, 0.020062389556004406], [0.02018382438643126, 0.020193263402412384, 0.027987958231990736, 1.5260341334313883, 1.523700970898655, 0.020316682277041965], [0.006596118799083717, 0.006590908024952169, 0.006370554479415144, 0.020062389556004406, 0.020316682277041965, 0.8524429606713614]], [[6.033315894251349, 5.913415712984422, 0.02707742192885736, 0.01630791559807809, 0.01607904827053402, 0.005930417621954422], [5.913415712984422, 5.7991384392301, 0.027161134850745124, 0.016321622916975722, 0.016092562708037893, 0.005929167986053449], [0.02707742192885736, 0.027161134850745124, 3.8172043563041522, 0.02296866528474954, 0.023250467662529372, 0.00717776074083245], [0.01630791559807809, 0.016321622916975722, 0.02296866528474954, 1.582663804760564, 1.5768321147348272, 0.02827139676643798], [0.01607904827053402, 0.016092562708037893, 0.023250467662529372, 1.5768321147348272, 1.5710775079520156, 0.028475358608660486], [0.005930417621954422, 0.005929167986053449, 0.00717776074083245, 0.02827139676643798, 0.028475358608660486, 0.8174612361763776]], [[5.425929126782839, 5.487415449333243, 0.02895603900542636, 0.01362981145097977, 0.013384693049289121, 0.005524501908104507], [5.487415449333243, 5.555544556013274, 0.02868139254263267, 0.013642237008877445, 0.01339616463822941, 0.005521914073846521], [0.02895603900542636, 0.02868139254263267, 3.0157577183723814, 0.022728774827078895, 0.022860222636524288, 0.008305228291475281], [0.01362981145097977, 0.013642237008877445, 0.022728774827078895, 1.5536029304701744, 1.5592125204875316, 0.037198697936561505], [0.013384693049289121, 0.01339616463822941, 0.022860222636524288, 1.5592125204875316, 1.5652260566159713, 0.036636808277387876], [0.005524501908104507, 0.005521914073846521, 0.008305228291475281, 0.037198697936561505, 0.036636808277387876, 0.8202303454665426]], [[5.454544840481806, 5.376360197503041, 0.028041226419434635, 0.012952254671306144, 0.01292625182198796, 0.005790650847200808], [5.376360197503041, 5.303944027413202, 0.02820772285916971, 0.01294664237433876, 0.012919989407026093, 0.005783604339753018], [0.028041226419434635, 0.02820772285916971, 2.8186713216799517, 0.024945826117028252, 0.024901532388248635, 0.009203290923186407], [0.012952254671306144, 0.01294664237433876, 0.024945826117028252, 1.5046365279913505, 1.477856594506985, 0.043390051656878516], [0.01292625182198796, 0.012919989407026093, 0.024901532388248635, 1.477856594506985, 1.454322667433325, 0.044374094964329376], [0.005790650847200808, 0.005783604339753018, 0.009203290923186407, 0.043390051656878516, 0.044374094964329376, 0.8999671726589078]], [[5.586586205802697, 5.479187349062372, 0.02583909225457952, 0.013863499384278747, 0.013811291209414031, 0.006287166002120132], [5.479187349062372, 5.380077676093674, 0.025918685501214813, 0.013852779383134771, 0.01380058199576462, 0.006266471302723412], [0.02583909225457952, 0.025918685501214813, 2.7221401950510407, 0.033499009015656146, 0.03439356037366666, 0.010356128846214526], [0.013863499384278747, 0.013852779383134771, 0.033499009015656146, 1.507589360429342, 1.486015987194167, 0.0480127169811681], [0.013811291209414031, 0.01380058199576462, 0.03439356037366666, 1.486015987194167, 1.4672672538493856, 0.049382864469926874], [0.006287166002120132, 0.006266471302723412, 0.010356128846214526, 0.0480127169811681, 0.049382864469926874, 1.0439925581565672]], [[5.227220103812765, 5.311338396196704, 0.02252097279476618, 0.015619049042791235, 0.015375968722623676, 0.007617227945933476], [5.311338396196704, 5.399658563053526, 0.022540152113030572, 0.015606100743963264, 0.015363618933070922, 0.007611649019542675], [0.02252097279476618, 0.022540152113030572, 2.4672528925998893, 0.06430954038716977, 0.06185937070564912, 0.013019973368860257], [0.015619049042791235, 0.015606100743963264, 0.06430954038716977, 1.4633451716360544, 1.4617501370324153, 0.05747576941819862], [0.015375968722623676, 0.015363618933070922, 0.06185937070564912, 1.4617501370324153, 1.4620813637593575, 0.05678609981059548], [0.007617227945933476, 0.007611649019542675, 0.013019973368860257, 0.05747576941819862, 0.05678609981059548, 1.343506596532414]], [[5.132115887560055, 5.114995114684563, 0.020499749667607408, 0.017778001818638735, 0.01760889507050385, 0.009039269459955401], [5.114995114684563, 5.0981273868320915, 0.02049775028803033, 0.01775214519231026, 0.017583050695543022, 0.008984225254251063], [0.020499749667607408, 0.02049775028803033, 1.905069280569624, 0.16911368402828597, 0.1674020384542143, 0.02136882699807241], [0.017778001818638735, 0.01775214519231026, 0.16911368402828597, 1.3924069461218793, 1.398060832385558, 0.0823165623728277], [0.01760889507050385, 0.017583050695543022, 0.1674020384542143, 1.398060832385558, 1.406180090768742, 0.08270483118735111], [0.009039269459955401, 0.008984225254251063, 0.02136882699807241, 0.0823165623728277, 0.08270483118735111, 1.780467882826517]], [[5.067734662362082, 5.023553318959513, 0.01902927100174838, 0.019384484553181, 0.01950043612489489, 0.010930012762030206], [5.023553318959513, 4.982951148320745, 0.019195912713623534, 0.01945050183650255, 0.01956699782435997, 0.010988342818063787], [0.01902927100174838, 0.019195912713623534, 1.7571080416244869, 0.5862247453538686, 0.5827009466618506, 0.045648372307000605], [0.019384484553181, 0.01945050183650255, 0.5862247453538686, 1.3956391797729044, 1.3809721427179464, 0.1307360818953569], [0.01950043612489489, 0.01956699782435997, 0.5827009466618506, 1.3809721427179464, 1.366749001138664, 0.13429299741741965], [0.010930012762030206, 0.010988342818063787, 0.045648372307000605, 0.1307360818953569, 0.13429299741741965, 2.228012274655805]], [[679.0402420327566, 673.1458545193939, 0.04954181585317318, 0.008034417762197203, 0.007939212600718502, 0.0011588030386572585], [673.1458545193939, 667.3646644670496, 0.049544492804661784, 0.008034421668228915, 0.007939211552428936, 0.0011587844797063041], [0.04954181585317318, 0.049544492804661784, 20.83582796421103, 0.015522287111079829, 0.015597823181473763, 0.0017723179399882578], [0.008034417762197203, 0.008034421668228915, 0.015522287111079829, 0.7219731468153683, 0.7243594134753917, 0.012455399318418518], [0.007939212600718502, 0.007939211552428936, 0.015597823181473763, 0.7243594134753917, 0.7269770566559692, 0.012344513098193075], [0.0011588030386572585, 0.0011587844797063041, 0.0017723179399882578, 0.012455399318418518, 0.012344513098193075, 1.0322657977322407]], [[42.196758509175126, 3.5006770821259034, 0.03639753804008422, 0.010396783698089357, 0.010738032929523248, 0.0017021390650732954], [3.5006770821259034, 32.3433915939907, 0.04012746290138541, 0.011011948302979836, 0.011325839319739532, 0.0017658623619388014], [0.03639753804008422, 0.04012746290138541, 13.714984833167378, 0.028272379222763117, 0.028295920902157434, 0.003060310461569535], [0.010396783698089357, 0.011011948302979836, 0.028272379222763117, 0.7742493125757589, 0.7795210720297974, 0.01182616128580545], [0.010738032929523248, 0.011325839319739532, 0.028295920902157434, 0.7795210720297974, 0.7869722962558561, 0.011874126748317315], [0.0017021390650732954, 0.0017658623619388014, 0.003060310461569535, 0.01182616128580545, 0.011874126748317315, 1.000309409143338]], [[14.200923573356812, 1.7735532534995988, 0.024418292170765035, 0.013304513195711205, 0.013612116696382239, 0.0025957826339955844], [1.7735532534995988, 12.157408104414113, 0.029592974677321734, 0.014942161433515793, 0.015135558262649725, 0.0028150988107147573], [0.024418292170765035, 0.029592974677321734, 11.391793832199086, 0.0422455198847527, 0.040451807404511694, 0.005273844639506235], [0.013304513195711205, 0.014942161433515793, 0.0422455198847527, 1.1100076170133617, 1.0868892147533464, 0.011856041110911524], [0.013612116696382239, 0.015135558262649725, 0.040451807404511694, 1.0868892147533464, 1.1219328110085967, 0.012241916146673712], [0.0025957826339955844, 0.0028150988107147573, 0.005273844639506235, 0.011856041110911524, 0.012241916146673712, 0.9822431235541716]], [[9.316543177420032, 1.0774907696589302, 0.01882474174944209, 0.014490095423958215, 0.014982103308996577, 0.003890249494462144], [1.0774907696589302, 8.198485094528024, 0.02424997048302137, 0.01715379885688674, 0.017187377604918203, 0.004299703391426551], [0.01882474174944209, 0.02424997048302137, 6.5856497345752425, 0.05599506640721077, 0.048162573054258306, 0.007657638804039691], [0.014490095423958215, 0.01715379885688674, 0.05599506640721077, 1.5124487378567004, 1.2805903419547036, 0.013184225458751813], [0.014982103308996577, 0.017187377604918203, 0.048162573054258306, 1.2805903419547036, 1.44359268651459, 0.014055642709581616], [0.003890249494462144, 0.004299703391426551, 0.007657638804039691, 0.013184225458751813, 0.014055642709581616, 0.939583388877615]], [[7.504162269562246, 0.7036928801236256, 0.018528650234759254, 0.01627026498596254, 0.016095042525651724, 0.005475218133710836], [0.7036928801236256, 6.815102095518601, 0.025542103168847894, 0.019984933430436995, 0.019328545727580068, 0.00625195889843138], [0.018528650234759254, 0.025542103168847894, 5.086180401798658, 0.03644340299123367, 0.030143325536465197, 0.0066901336585489385], [0.01627026498596254, 0.019984933430436995, 0.03644340299123367, 1.638090011091751, 1.197055298432467, 0.017159395350914704], [0.016095042525651724, 0.019328545727580068, 0.030143325536465197, 1.197055298432467, 1.4690405451462307, 0.019127200563445693], [0.005475218133710836, 0.00625195889843138, 0.0066901336585489385, 0.017159395350914704, 0.019127200563445693, 0.892700244470765]], [[6.761057686553366, 0.5133697229231942, 0.02098287480434113, 0.01845622287453844, 0.01630013337936845, 0.006179309902756913], [0.5133697229231942, 6.145511754824378, 0.02858137891093821, 0.02013951853955666, 0.017315239402493656, 0.006207961742455126], [0.02098287480434113, 0.02858137891093821, 4.073203773112908, 0.028352457572915008, 0.02452918532404886, 0.00714999977263449], [0.01845622287453844, 0.02013951853955666, 0.028352457572915008, 1.696776467044044, 1.107455640512942, 0.0237940837064156], [0.01630013337936845, 0.017315239402493656, 0.02452918532404886, 1.107455640512942, 1.5292721021628384, 0.02714204778577337], [0.006179309902756913, 0.006207961742455126, 0.00714999977263449, 0.0237940837064156, 0.02714204778577337, 0.8612496769071893]], [[6.046211223913397, 0.4423757003070096, 0.021433691909529068, 0.015632762610912364, 0.013073214973867221, 0.005627820818301103], [0.4423757003070096, 5.394369943337544, 0.029752042505538843, 0.016479049407076375, 0.014004717277909993, 0.005674159020302506], [0.021433691909529068, 0.029752042505538843, 3.1629318821749353, 0.026562234570531255, 0.022941626853404982, 0.008318150108702098], [0.015632762610912364, 0.016479049407076375, 0.026562234570531255, 1.6041128331558514, 1.0141036685918674, 0.032108151356086176], [0.013073214973867221, 0.014004717277909993, 0.022941626853404982, 1.0141036685918674, 1.5223129651676155, 0.03634290647150774], [0.005627820818301103, 0.005674159020302506, 0.008318150108702098, 0.032108151356086176, 0.03634290647150774, 0.861265446521414]], [[5.416565848182035, 0.42062005154821397, 0.02076092819178547, 0.013413793984766475, 0.0118409872513804, 0.005526311170527344], [0.42062005154821397, 5.321155403297972, 0.029535523681231902, 0.014768368370454204, 0.012930175857866323, 0.005799634587974614], [0.02076092819178547, 0.029535523681231902, 2.8498774812999166, 0.028117794819034186, 0.023705515016496866, 0.009373976623845766], [0.013413793984766475, 0.014768368370454204, 0.028117794819034186, 1.614833519410015, 1.021126288127017, 0.039920066490433954], [0.0118409872513804, 0.012930175857866323, 0.023705515016496866, 1.021126288127017, 1.4605269790462079, 0.044071397663283475], [0.005526311170527344, 0.005799634587974614, 0.009373976623845766, 0.039920066490433954, 0.044071397663283475, 0.9064751247219882]], [[5.505310836832368, 0.4266384877755984, 0.01984519270263693, 0.01344686562767064, 0.011876299156959633, 0.005885923375111986], [0.4266384877755984, 5.398999756367837, 0.028143265223236954, 0.015064720789650298, 0.013407835750226126, 0.006344516463365162], [0.01984519270263693, 0.028143265223236954, 2.7167791828966292, 0.035694115030602186, 0.029204395870166728, 0.010114525214161611], [0.01344686562767064, 0.015064720789650298, 0.035694115030602186, 1.5264316773991398, 1.1361043348236115, 0.04403446744781749], [0.011876299156959633, 0.013407835750226126, 0.029204395870166728, 1.1361043348236115, 1.4618572991153396, 0.05002768797626583], [0.005885923375111986, 0.006344516463365162, 0.010114525214161611, 0.04403446744781749, 0.05002768797626583, 1.0234520583175681]], [[5.463795301163382, 0.5620315587706558, 0.01916225155572769, 0.014418967912875703, 0.013346432601926849, 0.006774331001728406], [0.5620315587706558, 5.1291212425744, 0.02603415985472613, 0.016381989627032047, 0.01514231340890383, 0.00728248519090075], [0.01916225155572769, 0.02603415985472613, 2.547456195765504, 0.05890634510360888, 0.04559224034524032, 0.012084164990386784], [0.014418967912875703, 0.016381989627032047, 0.05890634510360888, 1.4741007518007365, 1.2185621699569666, 0.05099221671925372], [0.013346432601926849, 0.01514231340890383, 0.04559224034524032, 1.2185621699569666, 1.436378831466856, 0.058967606574182894], [0.006774331001728406, 0.00728248519090075, 0.012084164990386784, 0.05099221671925372, 0.058967606574182894, 1.2459501175326726]], [[5.305873588424875, 1.0566555027488373, 0.01923159340474156, 0.016520854464933718, 0.015204194173859655, 0.008478109822643399], [1.0566555027488373, 5.018290658691116, 0.024099878236148776, 0.018514949720018898, 0.01700780137593359, 0.008865256927806426], [0.01923159340474156, 0.024099878236148776, 2.1110147962374617, 0.1218089412953443, 0.09191844522424533, 0.017419114665287574], [0.016520854464933718, 0.018514949720018898, 0.1218089412953443, 1.4138670324341969, 1.266486246131254, 0.06777235450166902], [0.015204194173859655, 0.01700780137593359, 0.09191844522424533, 1.266486246131254, 1.438710018801719, 0.0800398961976872], [0.008478109822643399, 0.008865256927806426, 0.017419114665287574, 0.06777235450166902, 0.0800398961976872, 1.6133770587902176]], [[5.202080351063546, 3.2795522158766848, 0.020186130162730645, 0.01839002755646606, 0.016616829887165698, 0.010375275916683378], [3.2795522158766848, 5.061884332671811, 0.022390583610006853, 0.019480033235827494, 0.017617318848884317, 0.010540194699035476], [0.020186130162730645, 0.022390583610006853, 1.728366988702476, 0.28223627885670605, 0.19370062321779466, 0.03224956485305943], [0.01839002755646606, 0.019480033235827494, 0.28223627885670605, 1.3780749681057556, 1.2227401266109796, 0.10808265774556385], [0.016616829887165698, 0.017617318848884317, 0.19370062321779466, 1.2227401266109796, 1.4969526771124944, 0.13596087517565714], [0.010375275916683378, 0.010540194699035476, 0.03224956485305943, 0.10808265774556385, 0.13596087517565714, 2.0742223315956534]], [[5.2064034682262195, 3.41744208322847, 0.020166153077916676, 0.018845494933718402, 0.01696342109105237, 0.01109953261301554], [3.41744208322847, 5.04342164530983, 0.022014703611451907, 0.019754314471520894, 0.017857654557002278, 0.011385408799674703], [0.020166153077916676, 0.022014703611451907, 1.602953642710998, 0.3847701643410708, 0.2518307806155355, 0.04468506559744218], [0.018845494933718402, 0.019754314471520894, 0.3847701643410708, 1.3859542163232992, 1.1544170529307245, 0.14203764862745397], [0.01696342109105237, 0.017857654557002278, 0.2518307806155355, 1.1544170529307245, 1.48552063634589, 0.19656765146864172], [0.01109953261301554, 0.011385408799674703, 0.04468506559744218, 0.14203764862745397, 0.19656765146864172, 2.3373633024857985]], [[5.0852429548500835, 0.8656931373032631, 0.01820662696872372, 0.016367855294885453, 0.016425499701142147, 0.009411036810717496], [0.8656931373032631, 4.91142532201125, 0.023812475365032476, 0.018677570209788073, 0.018812916020280922, 0.010003775781415024], [0.01820662696872372, 0.023812475365032476, 1.7075334845400674, 0.19419380072161396, 0.18496491018376537, 0.026244318170336504], [0.016367855294885453, 0.018677570209788073, 0.19419380072161396, 1.3525792542601953, 1.3953669989841515, 0.10639322875391793], [0.016425499701142147, 0.018812916020280922, 0.18496491018376537, 1.3953669989841515, 1.454994554208473, 0.10386097955619439], [0.009411036810717496, 0.010003775781415024, 0.026244318170336504, 0.10639322875391793, 0.10386097955619439, 1.9262916347707366]], [[5.436237371627448, 0.3684928317503739, 0.017488390260733566, 0.015043891544842505, 0.01421490482623342, 0.0076027051139483486], [0.3684928317503739, 5.046687055279039, 0.026113180434778647, 0.018185110516507865, 0.017183109498114475, 0.0084502267734054], [0.017488390260733566, 0.026113180434778647, 2.147050486725998, 0.09131954784178155, 0.07508934497319354, 0.014940760536141913], [0.015043891544842505, 0.018185110516507865, 0.09131954784178155, 1.479748366518802, 1.3503176654319673, 0.06146253433738631], [0.01421490482623342, 0.017183109498114475, 0.07508934497319354, 1.3503176654319673, 1.4000243245998154, 0.07075534239039642], [0.0076027051139483486, 0.0084502267734054, 0.014940760536141913, 0.06146253433738631, 0.07075534239039642, 1.4762104876233848]], [[5.4520828263586045, 0.240233569012056, 0.017895084648385347, 0.013607509042071033, 0.012418228531197993, 0.006315392029831732], [0.240233569012056, 5.34923922938148, 0.029479894898540613, 0.016411257112226154, 0.01487449082029662, 0.007222732560268932], [0.017895084648385347, 0.029479894898540613, 2.5999067079938016, 0.04916618572214888, 0.038101624437277416, 0.011286586275304288], [0.013607509042071033, 0.016411257112226154, 0.04916618572214888, 1.5058535255821965, 1.1486957425866364, 0.048890919227402706], [0.012418228531197993, 0.01487449082029662, 0.038101624437277416, 1.1486957425866364, 1.4137874615431263, 0.055903629899462695], [0.006315392029831732, 0.007222732560268932, 0.011286586275304288, 0.048890919227402706, 0.055903629899462695, 1.1717151282765081]], [[5.4994160872016336, 0.2030127100387827, 0.018761552583305925, 0.013044711628782098, 0.011560420262362283, 0.0055769891206598156], [0.2030127100387827, 5.58356413935519, 0.03173708920801188, 0.0153064962873216, 0.013665768086813366, 0.0063022452690674425], [0.018761552583305925, 0.03173708920801188, 2.7920898256311837, 0.03218792720908539, 0.02697227696621099, 0.009741443310264842], [0.013044711628782098, 0.0153064962873216, 0.03218792720908539, 1.5606525357512977, 1.0094096863151587, 0.042688598268902776], [0.011560420262362283, 0.013665768086813366, 0.02697227696621099, 1.0094096863151587, 1.4352106018391944, 0.04843001750389226], [0.0055769891206598156, 0.0063022452690674425, 0.009741443310264842, 0.042688598268902776, 0.04843001750389226, 0.9805000319083194]], [[5.869808935484606, 0.21078981677618416, 0.020041385201923122, 0.013976955725391762, 0.011794504271927856, 0.005357211999065348], [0.21078981677618416, 5.363340702606829, 0.033932968315716155, 0.015612471602229921, 0.013241202401299543, 0.005856884631819567], [0.020041385201923122, 0.033932968315716155, 2.892535223063485, 0.027206095644479303, 0.023257284280638675, 0.008894679668192233], [0.013976955725391762, 0.015612471602229921, 0.027206095644479303, 1.6004807049069973, 0.9087514002539999, 0.03639933882298754], [0.011794504271927856, 0.013241202401299543, 0.023257284280638675, 0.9087514002539999, 1.4736029338728651, 0.04160313876332001], [0.005357211999065348, 0.005856884631819567, 0.008894679668192233, 0.03639933882298754, 0.04160313876332001, 0.8920592409909919]], [[6.63937614938451, 0.24636782194518847, 0.02044840012784569, 0.01674249012635626, 0.013268914894565003, 0.0057506179870622275], [0.24636782194518847, 5.1878916140420674, 0.03378603099093127, 0.018147237462624703, 0.014548972076851113, 0.005814758103217791], [0.02044840012784569, 0.03378603099093127, 3.3461129676156336, 0.026684990520047126, 0.02272536094731113, 0.007835658574595478], [0.01674249012635626, 0.018147237462624703, 0.026684990520047126, 1.6721771549720528, 0.8750522605312735, 0.02927771601617966], [0.013268914894565003, 0.014548972076851113, 0.02272536094731113, 0.8750522605312735, 1.4814529978896358, 0.033741744328973866], [0.0057506179870622275, 0.005814758103217791, 0.007835658574595478, 0.02927771601617966, 0.033741744328973866, 0.8428116982830252]], [[7.878122939637212, 0.2959561258576702, 0.018509710571573745, 0.01697861415225601, 0.01614214496849869, 0.006152511441279871], [0.2959561258576702, 5.67201980349245, 0.03136541458308003, 0.0226052122309612, 0.017847654085234362, 0.0064776964926596585], [0.018509710571573745, 0.03136541458308003, 4.310704803792272, 0.030170365321198864, 0.02446388180340824, 0.006882934644979313], [0.01697861415225601, 0.0226052122309612, 0.030170365321198864, 1.7882098516929124, 0.9327037481638201, 0.020920436698677793], [0.01614214496849869, 0.017847654085234362, 0.02446388180340824, 0.9327037481638201, 1.4811661730258205, 0.024951763694377155], [0.006152511441279871, 0.0064776964926596585, 0.006882934644979313, 0.020920436698677793, 0.024951763694377155, 0.8554195152742371]], [[9.246260744049488, 0.3954954292498738, 0.015875165086498895, 0.015254515395509746, 0.014981415079805204, 0.004678195499474034], [0.3954954292498738, 6.076339570493663, 0.027891652954738395, 0.021056936288512768, 0.020567274589651557, 0.006093946199509276], [0.015875165086498895, 0.027891652954738395, 5.901840863135027, 0.04459774873979952, 0.032502433096151355, 0.006576164722837332], [0.015254515395509746, 0.021056936288512768, 0.04459774873979952, 1.6161651857715826, 0.9902728988070513, 0.01559763520832935], [0.014981415079805204, 0.020567274589651557, 0.032502433096151355, 0.9902728988070513, 1.3859698519311472, 0.017897348470328155], [0.004678195499474034, 0.006093946199509276, 0.006576164722837332, 0.01559763520832935, 0.017897348470328155, 0.8956677672576752]], [[13.557718907526223, 0.5306313383013537, 0.01637669326322119, 0.013196078964557096, 0.014638202587129102, 0.0032856192043649564], [0.5306313383013537, 6.511561517420285, 0.029498785842734698, 0.017923293959213448, 0.018766181377911195, 0.004157567217643591], [0.01637669326322119, 0.029498785842734698, 9.548912258684235, 0.04828252916729081, 0.04563878163902612, 0.007814950801255145], [0.013196078964557096, 0.017923293959213448, 0.04828252916729081, 1.4790808508244775, 1.0899667791616743, 0.012381102972200499], [0.014638202587129102, 0.018766181377911195, 0.04563878163902612, 1.0899667791616743, 1.2746296886629487, 0.013480794379217174], [0.0032856192043649564, 0.004157567217643591, 0.007814950801255145, 0.012381102972200499, 0.013480794379217174, 0.9260384390222599]], [[32.724566164277945, 0.5560664434620892, 0.017987538624677658, 0.011630248094486593, 0.013069257298470242, 0.002117262195524434], [0.5560664434620892, 8.23515789524758, 0.04285927103096515, 0.01593291608620125, 0.017193223565497313, 0.0026626579379227314], [0.017987538624677658, 0.04285927103096515, 20.399316598409662, 0.03333764002437457, 0.03355819976699742, 0.004059935760437944], [0.011630248094486593, 0.01593291608620125, 0.03333764002437457, 0.9945637509698214, 0.9522652751432505, 0.011736572802859755], [0.013069257298470242, 0.017193223565497313, 0.03355819976699742, 0.9522652751432505, 0.9928437963777578, 0.012311102037335672], [0.002117262195524434, 0.0026626579379227314, 0.004059935760437944, 0.011736572802859755, 0.012311102037335672, 0.9696553704923654]], [[264.0898010935657, 0.5096798258110491, 0.020627203910033778, 0.009239772538989848, 0.00987905168268514, 0.001310352532848642], [0.5096798258110491, 14.417127172821868, 0.07148801682890474, 0.012151440770084421, 0.01277886471078558, 0.0016234205007672343], [0.020627203910033778, 0.07148801682890474, 33.79676576242329, 0.020222271937601958, 0.02056290559782741, 0.002230008524045746], [0.009239772538989848, 0.012151440770084421, 0.020222271937601958, 0.7299668506543218, 0.7304207294106274, 0.012203289549751441], [0.00987905168268514, 0.01277886471078558, 0.02056290559782741, 0.7304207294106274, 0.7496008327243542, 0.012354010411000657], [0.001310352532848642, 0.0016234205007672343, 0.002230008524045746, 0.012203289549751441, 0.012354010411000657, 1.0353373476809595]], [[114.40904519523102, 114.43148544055808, 0.030394957924259263, 0.009801720787646155, 0.009914111779043298, 0.0022186554640817348], [114.43148544055808, 114.48284998534801, 0.0303863191190567, 0.009802283799534009, 0.009914664855056718, 0.002218979867659586], [0.030394957924259263, 0.0303863191190567, 7.730929665172751, 0.04529253372931041, 0.04504144493874516, 0.004367746758997761], [0.009801720787646155, 0.009802283799534009, 0.04529253372931041, 0.8692434409549585, 0.8707482863336534, 0.01148392979132375], [0.009914111779043298, 0.009914664855056718, 0.04504144493874516, 0.8707482863336534, 0.8723502502828951, 0.011528212726472751], [0.0022186554640817348, 0.002218979867659586, 0.004367746758997761, 0.01148392979132375, 0.011528212726472751, 0.9404120296011201]], [[31.352682728091022, 3.9875361650697227, 0.024245843510368213, 0.010983334190713609, 0.010945562262215679, 0.0030674399390468003], [3.9875361650697227, 29.32489305602705, 0.024971109079936642, 0.011525592909186772, 0.011446479236366042, 0.0031188085547075315], [0.024245843510368213, 0.024971109079936642, 5.31134795668087, 0.06638206518698349, 0.06341498909761771, 0.007276493765222298], [0.010983334190713609, 0.011525592909186772, 0.06638206518698349, 1.1675656816752147, 1.175233675543647, 0.011962491622517899], [0.010945562262215679, 0.011446479236366042, 0.06341498909761771, 1.175233675543647, 1.2054677454957448, 0.012075667465185309], [0.0030674399390468003, 0.0031188085547075315, 0.007276493765222298, 0.011962491622517899, 0.012075667465185309, 0.9552410667143498]], [[14.113761007594796, 0.9589847554562796, 0.01949870825162146, 0.012213139335717658, 0.01198264826189178, 0.003499772685605437], [0.9589847554562796, 13.804749293176918, 0.021270488213492457, 0.014020376300902849, 0.013566914569647932, 0.003731654598061081], [0.01949870825162146, 0.021270488213492457, 4.492074392515875, 0.08419091274077235, 0.06996763914966962, 0.00693040946608693], [0.012213139335717658, 0.014020376300902849, 0.08419091274077235, 1.5909711875182109, 1.3173123627077, 0.013446199572287888], [0.01198264826189178, 0.013566914569647932, 0.06996763914966962, 1.3173123627077, 1.555943764995581, 0.013867986148124104], [0.003499772685605437, 0.003731654598061081, 0.00693040946608693, 0.013446199572287888, 0.013867986148124104, 0.956123677580041]], [[9.40980956545245, 0.4533511649726386, 0.017223510091134125, 0.013751461257350045, 0.013298869464590366, 0.004780647276697523], [0.4533511649726386, 9.368522449136604, 0.02055380560074277, 0.017089690049694156, 0.01602458314664514, 0.005522699941303588], [0.017223510091134125, 0.02055380560074277, 4.218677227917505, 0.0558295635454854, 0.04110571071521089, 0.0070176422617524645], [0.013751461257350045, 0.017089690049694156, 0.0558295635454854, 1.704616525949311, 0.9988072407461268, 0.016552446750185485], [0.013298869464590366, 0.01602458314664514, 0.04110571071521089, 0.9988072407461268, 1.6564152527992715, 0.018192616937041675], [0.004780647276697523, 0.005522699941303588, 0.0070176422617524645, 0.016552446750185485, 0.018192616937041675, 0.9631986877275253]], [[7.800966895624768, 0.27849788510583123, 0.016706422341963064, 0.015463759439918514, 0.014058131818355364, 0.00544784329459985], [0.27849788510583123, 7.411303336422967, 0.022056491738949864, 0.021031215121329046, 0.01802511107487832, 0.0059324851137852455], [0.016706422341963064, 0.022056491738949864, 3.757302734500437, 0.04022170403672586, 0.031134042581076177, 0.008120789481627517], [0.015463759439918514, 0.021031215121329046, 0.04022170403672586, 1.793996166935549, 0.743243420776474, 0.021667440355548875], [0.014058131818355364, 0.01802511107487832, 0.031134042581076177, 0.743243420776474, 1.6316850495541477, 0.025945770561573683], [0.00544784329459985, 0.0059324851137852455, 0.008120789481627517, 0.021667440355548875, 0.025945770561573683, 1.0034684232722888]], [[6.826051750058001, 0.2082420792608716, 0.016801670786930536, 0.01769079205469425, 0.013877898767594274, 0.005934139519948795], [0.2082420792608716, 6.287021039704036, 0.02213682124894418, 0.019926339553347123, 0.014821161272959167, 0.006009738558010205], [0.016801670786930536, 0.02213682124894418, 3.232785607925833, 0.035985462684157754, 0.027969780322062564, 0.009170754749332828], [0.01769079205469425, 0.019926339553347123, 0.035985462684157754, 1.7642617001266074, 0.6194149769384136, 0.028618873491484568], [0.013877898767594274, 0.014821161272959167, 0.027969780322062564, 0.6194149769384136, 1.5213145959063028, 0.03442870949559536], [0.005934139519948795, 0.006009738558010205, 0.009170754749332828, 0.028618873491484568, 0.03442870949559536, 1.0277641375336388]], [[6.107475524017901, 0.19322430146887828, 0.01547037520099882, 0.01567616304582478, 0.011833706743330312, 0.005719731387103207], [0.19322430146887828, 5.517032554708225, 0.02160836668241768, 0.017073581622867796, 0.01304763548408171, 0.005998847140596406], [0.01547037520099882, 0.02160836668241768, 2.974694352447819, 0.03863385262555203, 0.028110809044248234, 0.009723261283239679], [0.01567616304582478, 0.017073581622867796, 0.03863385262555203, 1.6457884484103056, 0.5935953818929791, 0.03576873355273077], [0.011833706743330312, 0.01304763548408171, 0.028110809044248234, 0.5935953818929791, 1.4574164863346806, 0.04469152119530606], [0.005719731387103207, 0.005998847140596406, 0.009723261283239679, 0.03576873355273077, 0.04469152119530606, 1.0342011439372814]], [[5.769842065287916, 0.19421025226184152, 0.015008584118390433, 0.014241845854471915, 0.011222155803508198, 0.0059249847975552244], [0.19421025226184152, 5.245705912375596, 0.0224436050598507, 0.01653844117610422, 0.013012755186392833, 0.006455436129232558], [0.015008584118390433, 0.0224436050598507, 2.8230129445601784, 0.04568877934258873, 0.0320895148626445, 0.010420676876969594], [0.014241845854471915, 0.01653844117610422, 0.04568877934258873, 1.5992943991680684, 0.6215385271130819, 0.04144777513518228], [0.011222155803508198, 0.013012755186392833, 0.0320895148626445, 0.6215385271130819, 1.4653664017941925, 0.053080929015551885], [0.0059249847975552244, 0.006455436129232558, 0.010420676876969594, 0.04144777513518228, 0.053080929015551885, 1.094915000692023]], [[5.688995879323051, 0.22378613470496495, 0.015999690975322164, 0.01434559790401295, 0.011951257283959807, 0.0064787936128158355], [0.22378613470496495, 5.23131832906122, 0.02461949456930396, 0.017132760105498888, 0.014768836268423133, 0.007262403326102166], [0.015999690975322164, 0.02461949456930396, 2.71790221792887, 0.06329173831461099, 0.04085188788978521, 0.011960151743691215], [0.01434559790401295, 0.017132760105498888, 0.06329173831461099, 1.5003193217909803, 0.7530134824004675, 0.04632815259058374], [0.011951257283959807, 0.014768836268423133, 0.04085188788978521, 0.7530134824004675, 1.464937042734787, 0.0635037610840146], [0.0064787936128158355, 0.007262403326102166, 0.011960151743691215, 0.04632815259058374, 0.0635037610840146, 1.23298819254816]], [[5.666374806613223, 0.3900582843211352, 0.018409093849377164, 0.015371675368379897, 0.012946044678815972, 0.007571187154240439], [0.3900582843211352, 5.2008658235626894, 0.026502778666496987, 0.01863196856721147, 0.015525009511723132, 0.008319638875755061], [0.018409093849377164, 0.026502778666496987, 2.3595305891266722, 0.0931502805078504, 0.05645537768479488, 0.01537594905084563], [0.015371675368379897, 0.01863196856721147, 0.0931502805078504, 1.4337244455873355, 0.8210771594484049, 0.05741045734396154], [0.012946044678815972, 0.015525009511723132, 0.05645537768479488, 0.8210771594484049, 1.52909635881579, 0.08334039324852566], [0.007571187154240439, 0.008319638875755061, 0.01537594905084563, 0.05741045734396154, 0.08334039324852566, 1.4931231751061322]], [[5.59985427643171, 1.6265990434445279, 0.022277696842555424, 0.017776858620439, 0.014118315592343481, 0.009112606155679555], [1.6265990434445279, 5.258837692454433, 0.02674850339431013, 0.019356482377107423, 0.015400978984527143, 0.009440305127596301], [0.022277696842555424, 0.02674850339431013, 2.041729995352907, 0.1410519670117421, 0.07832437627321256, 0.022120759952209402], [0.017776858620439, 0.019356482377107423, 0.1410519670117421, 1.388662447452306, 0.7506620946510626, 0.08273452624275458], [0.014118315592343481, 0.015400978984527143, 0.07832437627321256, 0.7506620946510626, 1.6836456126611177, 0.13395831396155403], [0.009112606155679555, 0.009440305127596301, 0.022120759952209402, 0.08273452624275458, 0.13395831396155403, 1.8560864156336196]], [[5.441493614873533, 1.9886115675207512, 0.02331826236043151, 0.017974128102419645, 0.01378777393694463, 0.010398365852317673], [1.9886115675207512, 5.203960958538977, 0.02630667079838925, 0.01929034714985971, 0.014973551979638854, 0.010992553669588304], [0.02331826236043151, 0.02630667079838925, 1.7519990672611874, 0.17305223209173298, 0.09062353410269348, 0.029303053950368623], [0.017974128102419645, 0.01929034714985971, 0.17305223209173298, 1.3826892826534238, 0.6276943042259887, 0.12723886154300446], [0.01378777393694463, 0.014973551979638854, 0.09062353410269348, 0.6276943042259887, 1.7048717041444144, 0.28958345049298945], [0.010398365852317673, 0.010992553669588304, 0.029303053950368623, 0.12723886154300446, 0.28958345049298945, 2.2482240508146996]], [[5.622915834290544, 0.25840265381629046, 0.018491654094119535, 0.01567028642328433, 0.013431143564792719, 0.00943011575321238], [0.25840265381629046, 4.974735918165201, 0.029163806787386032, 0.020027626722063745, 0.017568422161703703, 0.010937827796734014], [0.018491654094119535, 0.029163806787386032, 1.6689222737183822, 0.14790176387094586, 0.09990505839883827, 0.026185387189231996], [0.01567028642328433, 0.020027626722063745, 0.14790176387094586, 1.342456674390443, 0.9974822017432387, 0.12857815391135463], [0.013431143564792719, 0.017568422161703703, 0.09990505839883827, 0.9974822017432387, 1.677759893115835, 0.18148158001834708], [0.00943011575321238, 0.010937827796734014, 0.026185387189231996, 0.12857815391135463, 0.18148158001834708, 2.1544918255856857]], [[5.704858314575407, 0.09832121895006693, 0.015131184662463883, 0.013078095718317119, 0.013369045627944578, 0.007502160122592384], [0.09832121895006693, 5.069901608559623, 0.030922429412863387, 0.019474548436035872, 0.01874667126630523, 0.009559208115615761], [0.015131184662463883, 0.030922429412863387, 1.8827037604658332, 0.09624289586771861, 0.08757919352715578, 0.018042954758559722], [0.013078095718317119, 0.019474548436035872, 0.09624289586771861, 1.6444513977179902, 1.4502374342482398, 0.0757860051495474], [0.013369045627944578, 0.01874667126630523, 0.08757919352715578, 1.4502374342482398, 1.369618636528146, 0.0914243140191759], [0.007502160122592384, 0.009559208115615761, 0.018042954758559722, 0.0757860051495474, 0.0914243140191759, 1.7277449656075157]], [[5.667974543872733, 0.06617909519965363, 0.013117107525945948, 0.013158634726569952, 0.01164525079615023, 0.006326456716302749], [0.06617909519965363, 5.070363556111506, 0.03138805615163021, 0.019908023924956022, 0.0171498816046696, 0.008317115643425127], [0.013117107525945948, 0.03138805615163021, 2.366976854647722, 0.07208119087413895, 0.050284336181845773, 0.013264312734988586], [0.013158634726569952, 0.019908023924956022, 0.07208119087413895, 1.618091797394942, 0.8708065601565891, 0.051025176354849315], [0.01164525079615023, 0.0171498816046696, 0.050284336181845773, 0.8708065601565891, 1.380499051082373, 0.07019581690699112], [0.006326456716302749, 0.008317115643425127, 0.013264312734988586, 0.051025176354849315, 0.07019581690699112, 1.378398207464429]], [[6.139634534124451, 0.05890547358294773, 0.01312077204202132, 0.013543823198470698, 0.010495915959318168, 0.005714196583249892], [0.05890547358294773, 5.2715720254483385, 0.033827034794930974, 0.01908036588188355, 0.01510896566870907, 0.007419373382132194], [0.