[[[0.0, 0.0, 0.0, 0.0, 0.0, 0.0], [0.0, 0.0, 0.0, 0.0, 0.0, 0.0], [0.0, 0.0, 0.0, 0.0, 0.0, 0.0], [0.0, 0.0, 0.0, 0.27270942865085884, 0.27094932604798655, 0.2710895678077014], [0.0, 0.0, 0.0, 0.27094932604798655, 0.26940997934503896, 0.269511929697074], [0.0, 0.0, 0.0, 0.2710895678077014, 0.269511929697074, 0.27004789417680775]], [[33.96897530336587, 33.218684311907275, 0.06659793043525189, 0.00832514599739635, 0.008164121931617148, 0.0034830843494101935], [33.218684311907275, 32.74203661175065, 0.0669361632123022, 0.008340018576651035, 0.008180169673397176, 0.003487944831377869], [0.06659793043525189, 0.0669361632123022, 25.098640615805724, 0.013124404658113766, 0.01274965777385576, 0.004194388724069146], [0.00832514599739635, 0.008340018576651035, 0.013124404658113766, 0.2704177712368934, 0.27050461107211343, 0.05029515308776737], [0.008164121931617148, 0.008180169673397176, 0.01274965777385576, 0.27050461107211343, 0.2710796995410212, 0.050351705032012285], [0.0034830843494101935, 0.003487944831377869, 0.004194388724069146, 0.05029515308776737, 0.050351705032012285, 0.17688317086487104]], [[10.756430662716964, 10.695251414634392, 0.04875360838494845, 0.013582918594714848, 0.013153788182298254, 0.004721324213415982], [10.695251414634392, 10.634870755531905, 0.04880662017483922, 0.013595470053660571, 0.013166774631191105, 0.00472687032029321], [0.04875360838494845, 0.04880662017483922, 9.034059918002061, 0.0179833433269962, 0.017320449450904954, 0.00536851017612879], [0.013582918594714848, 0.013595470053660571, 0.0179833433269962, 0.2710459675297171, 0.27075316637875113, 0.05013715783440542], [0.013153788182298254, 0.013166774631191105, 0.017320449450904954, 0.27075316637875113, 0.2706054856420922, 0.05005090668483736], [0.004721324213415982, 0.00472687032029321, 0.00536851017612879, 0.05013715783440542, 0.05005090668483736, 0.17557372176199265]], [[5.5157920109119205, 5.550137551818044, 0.03968980076534743, 0.014684376449741448, 0.014710929587240315, 0.005718710295835278], [5.550137551818044, 5.589165765249531, 0.0396133126203696, 0.014688428662163048, 0.014713193336302466, 0.005720598571242942], [0.03968980076534743, 0.0396133126203696, 4.270145414251603, 0.022377963891021334, 0.023207769612269682, 0.006142342736209027], [0.014684376449741448, 0.014688428662163048, 0.022377963891021334, 0.27162057172440895, 0.27273657074002233, 0.047937676233751295], [0.014710929587240315, 0.014713193336302466, 0.023207769612269682, 0.27273657074002233, 0.2740275590504838, 0.048047453702431964], [0.005718710295835278, 0.005720598571242942, 0.006142342736209027, 0.047937676233751295, 0.048047453702431964, 0.18114731253230149]], [[3.424481223602996, 3.4203658357334725, 0.035260984905474864, 0.01870644071858507, 0.018355708555402948, 0.006672949580198072], [3.4203658357334725, 3.421435496518026, 0.03516523503058141, 0.0186575536766112, 0.018310230467210413, 0.006658681895522598], [0.035260984905474864, 0.03516523503058141, 2.421421689100049, 0.03672560284313935, 0.035291082580027985, 0.008177022998167114], [0.01870644071858507, 0.0186575536766112, 0.03672560284313935, 0.28045340420571613, 0.27891550171332574, 0.04423298725895873], [0.018355708555402948, 0.018310230467210413, 0.035291082580027985, 0.27891550171332574, 0.27769053041183894, 0.044369445167939635], [0.006672949580198072, 0.006658681895522598, 0.008177022998167114, 0.04423298725895873, 0.044369445167939635, 0.19167526303722673]], [[2.447863245554692, 2.4674040084757545, 0.03352494641032461, 0.023196799404029453, 0.023097482071571425, 0.007820242088556256], [2.4674040084757545, 2.488705615165608, 0.033516493024787625, 0.02319128219331644, 0.023090527961929633, 0.007825963784903942], [0.03352494641032461, 0.033516493024787625, 1.398601534154699, 0.06263106869644341, 0.06156680751778231, 0.010077864977333106], [0.023196799404029453, 0.02319128219331644, 0.06263106869644341, 0.2874274074937551, 0.2893490460276614, 0.039983257876224976], [0.023097482071571425, 0.023090527961929633, 0.06156680751778231, 0.2893490460276614, 0.2917050105263226, 0.03969463349397649], [0.007820242088556256, 0.007825963784903942, 0.010077864977333106, 0.039983257876224976, 0.03969463349397649, 0.206113910003315]], [[1.920924549212472, 1.9083125013402464, 0.033191784263150795, 0.02986248635542648, 0.029654900916454494, 0.00831816354051365], [1.9083125013402464, 1.8962598120126404, 0.033111191937096204, 0.02982459893852575, 0.02961109426244016, 0.008314729427549097], [0.033191784263150795, 0.033111191937096204, 0.818864831140974, 0.13518663889689925, 0.1325832177511926, 0.012916980653826142], [0.02986248635542648, 0.02982459893852575, 0.13518663889689925, 0.30481020202471043, 0.30312155763428594, 0.034630986869144426], [0.029654900916454494, 0.02961109426244016, 0.1325832177511926, 0.30312155763428594, 0.3021528668289352, 0.034850133785207585], [0.00831816354051365, 0.008314729427549097, 0.012916980653826142, 0.034630986869144426, 0.034850133785207585, 0.22786460185089688]], [[1.5759300088675428, 1.5773034995788746, 0.034569150778587375, 0.03989065830403306, 0.03983684300543438, 0.009007324915299885], [1.5773034995788746, 1.5812060819079414, 0.03459883495205654, 0.03994684155829734, 0.03986583033926939, 0.009020975789014691], [0.034569150778587375, 0.03459883495205654, 0.6220778717636978, 0.29074961593175386, 0.2884029792749633, 0.014460098743785989], [0.03989065830403306, 0.03994684155829734, 0.29074961593175386, 0.3272863190380457, 0.3270691544533993, 0.02955152035407627], [0.03983684300543438, 0.03986583033926939, 0.2884029792749633, 0.3270691544533993, 0.32701235909007886, 0.02968304856344143], [0.009007324915299885, 0.009020975789014691, 0.014460098743785989, 0.02955152035407627, 0.02968304856344143, 0.24412106920006074]], [[1.3294760984914449, 1.3252904267511159, 0.03661837219815516, 0.056240803738347396, 0.05835076647783876, 0.009299064902784817], [1.3252904267511159, 1.3222460252251336, 0.036603068744512385, 0.05622504224400109, 0.05834411668904994, 0.009308258337188978], [0.03661837219815516, 0.036603068744512385, 0.5102626866663157, 0.40448862872832103, 0.4080483071386323, 0.016246404507943565], [0.056240803738347396, 0.05622504224400109, 0.40448862872832103, 0.3541669514656259, 0.356085437673359, 0.02465511687804289], [0.05835076647783876, 0.05834411668904994, 0.4080483071386323, 0.356085437673359, 0.3582898254177535, 0.024659080457491732], [0.009299064902784817, 0.009308258337188978, 0.016246404507943565, 0.02465511687804289, 0.024659080457491732, 0.26582373894565836]], [[1.1098893778487888, 1.112807227602046, 0.04144881158468111, 0.09447117523411175, 0.09180228383413501, 0.009207517640758122], [1.112807227602046, 1.115873748755233, 0.04145303424290718, 0.0945576868159632, 0.09187460250854056, 0.009204276120282988], [0.04144881158468111, 0.04145303424290718, 0.4383797555669628, 0.3410191722318133, 0.34246728867394804, 0.01781465737810189], [0.09447117523411175, 0.0945576868159632, 0.3410191722318133, 0.39475494977698994, 0.394662703106604, 0.02069843794278091], [0.09180228383413501, 0.09187460250854056, 0.34246728867394804, 0.394662703106604, 0.3948285149775502, 0.020748617779970155], [0.009207517640758122, 0.009204276120282988, 0.01781465737810189, 0.02069843794278091, 0.020748617779970155, 0.2733877300563338]], [[0.9245990246883224, 0.925538373835878, 0.1806974007317423, 0.1802512289767166, 0.050258430493028895, 0.009201717194268709], [0.925538373835878, 0.9269565081359563, 0.18058864037851463, 0.18014768488514704, 0.04986737358669635, 0.009198386219043132], [0.1806974007317423, 0.18058864037851463, 0.443145099540516, 0.43983390372997855, 0.24566998452706604, 0.01788300760716546], [0.1802512289767166, 0.18014768488514704, 0.43983390372997855, 0.4370042891438504, 0.2465893689881174, 0.01785239322111928], [0.050258430493028895, 0.04986737358669635, 0.24566998452706604, 0.2465893689881174, 0.3852899149610428, 0.018250819155577552], [0.009201717194268709, 0.009198386219043132, 0.01788300760716546, 0.01785239322111928, 0.018250819155577552, 0.2902820942012305]], [[0.769390483811391, 0.7728749912975232, 0.412944947336406, 0.41475357355183284, 0.06118759516490191, 0.010324860847149175], [0.7728749912975232, 0.7766711991021896, 0.41193341404709616, 0.41371212017810727, 0.061238861840076105, 0.01033320295043132], [0.412944947336406, 0.41193341404709616, 0.4898355267029979, 0.4907839696999098, 0.16203474661290065, 0.01637225029852746], [0.41475357355183284, 0.41371212017810727, 0.4907839696999098, 0.4920009119584018, 0.16214226370118293, 0.016348834541938796], [0.06118759516490191, 0.061238861840076105, 0.16203474661290065, 0.16214226370118293, 0.363947020760293, 0.01813526423897347], [0.010324860847149175, 0.01033320295043132, 0.01637225029852746, 0.016348834541938796, 0.01813526423897347, 0.29311029737723804]], [[0.7445669011870178, 0.7442923697070097, 0.5691272653953773, 0.5687091427104101, 0.07580578920384248, 0.012061622412068245], [0.7442923697070097, 0.7448131022299918, 0.5710806916423381, 0.5706293361436882, 0.07598599964668157, 0.012060734218990052], [0.5691272653953773, 0.5710806916423381, 0.59159036140996, 0.5939473515352961, 0.11379502971488875, 0.014756543250876702], [0.5687091427104101, 0.5706293361436882, 0.5939473515352961, 0.5964667965806058, 0.11360372458051615, 0.014733981680234117], [0.07580578920384248, 0.07598599964668157, 0.11379502971488875, 0.11360372458051615, 0.3437008282986691, 0.01779239589151412], [0.012061622412068245, 0.012060734218990052, 0.014756543250876702, 0.014733981680234117, 0.01779239589151412, 0.2932247669932094]], [[52.164756041525365, 50.372884645259795, 0.05083946730471916, 0.007984000545767856, 0.007959814165859667, 0.0033473139061349568], [50.372884645259795, 50.55056098044321, 0.051092274195021714, 0.00799847516047074, 0.007975538536352453, 0.0033557148247737767], [0.05083946730471916, 0.051092274195021714, 14.07383772004769, 0.013841197327716177, 0.013706992407392845, 0.0048411453192523], [0.007984000545767856, 0.00799847516047074, 0.013841197327716177, 0.266649487376683, 0.26691499068365815, 0.05360380112325872], [0.007959814165859667, 0.007975538536352453, 0.013706992407392845, 0.26691499068365815, 0.2675279513153784, 0.05364220238780557], [0.0033473139061349568, 0.0033557148247737767, 0.0048411453192523, 0.05360380112325872, 0.05364220238780557, 0.17677139215020754]], [[17.579233539359954, 2.774959747711152, 0.039560868614766306, 0.010728821899977807, 0.010174898737670952, 0.004474566835191028], [2.774959747711152, 14.39663564828345, 0.044247841296313685, 0.011121431369711774, 0.010772136086900475, 0.004610643118432402], [0.039560868614766306, 0.044247841296313685, 6.132564269786726, 0.016845893755500035, 0.017283702669832028, 0.005292140864322354], [0.010728821899977807, 0.011121431369711774, 0.016845893755500035, 0.2673803228128436, 0.26522852974690686, 0.0536143298626778], [0.010174898737670952, 0.010772136086900475, 0.017283702669832028, 0.26522852974690686, 0.2647018610134314, 0.055799856125601184], [0.004474566835191028, 0.004610643118432402, 0.005292140864322354, 0.0536143298626778, 0.055799856125601184, 0.17785824496188649]], [[7.86797081911215, 1.7295982120546936, 0.032775497410929166, 0.013726583342433893, 0.01327638117694439, 0.005270062515917674], [1.7295982120546936, 6.298761688252731, 0.039566777590441686, 0.014324930245455465, 0.014133136597720862, 0.005333381825266695], [0.032775497410929166, 0.039566777590441686, 3.7076627071462296, 0.022302512547378178, 0.0211110502348213, 0.006549303043698323], [0.013726583342433893, 0.014324930245455465, 0.022302512547378178, 0.27128556444032953, 0.2628807727380295, 0.05075606534444562], [0.01327638117694439, 0.014133136597720862, 0.0211110502348213, 0.2628807727380295, 0.2607290744831811, 0.05602258081300443], [0.005270062515917674, 0.005333381825266695, 0.006549303043698323, 0.05075606534444562, 0.05602258081300443, 0.1831019072725018]], [[4.5441879224976915, 1.6272596114576292, 0.029948514092312615, 0.01674898754351497, 0.014972387982264362, 0.00647110078172219], [1.6272596114576292, 3.7277662458785588, 0.03723068995859725, 0.018181073234987032, 0.015870394575868058, 0.006685959454165871], [0.029948514092312615, 0.03723068995859725, 2.146827410137644, 0.0350222281405396, 0.029721140535500942, 0.008000073269438994], [0.01674898754351497, 0.018181073234987032, 0.0350222281405396, 0.2801090729486476, 0.262897767293963, 0.045349820294650414], [0.014972387982264362, 0.015870394575868058, 0.029721140535500942, 0.262897767293963, 0.26437582319446246, 0.05324044250714618], [0.00647110078172219, 0.006685959454165871, 0.008000073269438994, 0.045349820294650414, 0.05324044250714618, 0.19287946422361485]], [[3.0972294913471976, 1.451594344818505, 0.027986931660138745, 0.020845798072090468, 0.018228393958413146, 0.007573718212451776], [1.451594344818505, 2.5750205077120074, 0.034800128826684956, 0.022802794885680013, 0.019968953122807633, 0.0076909405270264766], [0.027986931660138745, 0.034800128826684956, 1.4515211717744816, 0.058602121184646146, 0.04699573532526728, 0.009639207149851543], [0.020845798072090468, 0.022802794885680013, 0.058602121184646146, 0.29455111876080387, 0.2652241027042136, 0.040105578415338725], [0.018228393958413146, 0.019968953122807633, 0.04699573532526728, 0.2652241027042136, 0.2667851726108291, 0.048576700149244784], [0.007573718212451776, 0.0076909405270264766, 0.009639207149851543, 0.040105578415338725, 0.048576700149244784, 0.2063104684418183]], [[2.405400677935199, 1.2449238793425015, 0.027988482522186775, 0.025750589992925597, 0.02222753971777732, 0.007893249540058156], [1.2449238793425015, 1.9519601240214746, 0.03569916847249671, 0.029234151107381742, 0.02504124317768735, 0.008173903032026064], [0.027988482522186775, 0.03569916847249671, 0.8738908920164938, 0.12523656234054759, 0.08252962034079657, 0.012273841588578112], [0.025750589992925597, 0.029234151107381742, 0.12523656234054759, 0.31325048030924635, 0.27186513139119184, 0.034246518097916796], [0.02222753971777732, 0.02504124317768735, 0.08252962034079657, 0.27186513139119184, 0.2723157910570422, 0.04225124005358561], [0.007893249540058156, 0.008173903032026064, 0.012273841588578112, 0.034246518097916796, 0.04225124005358561, 0.22104651481282775]], [[1.9162451711649529, 1.0442795954839048, 0.02898682198502887, 0.03540091470417754, 0.028304718969577664, 0.00822655081697795], [1.0442795954839048, 1.5258813703269598, 0.03799001784982808, 0.042194790358605606, 0.03267118302473729, 0.008833640882534268], [0.02898682198502887, 0.03799001784982808, 0.6396800237005791, 0.3073391977433154, 0.1607896635933303, 0.01457354986383537], [0.03540091470417754, 0.042194790358605606, 0.3073391977433154, 0.33896697061448, 0.2757517004321934, 0.028982450008847305], [0.028304718969577664, 0.03267118302473729, 0.1607896635933303, 0.2757517004321934, 0.28704452332547714, 0.03623219802798966], [0.00822655081697795, 0.008833640882534268, 0.01457354986383537, 0.028982450008847305, 0.03623219802798966, 0.23913922762529227]], [[1.600567305847907, 0.8288490236486341, 0.030866118935692986, 0.04967056890714426, 0.03544658101819573, 0.008378218251731802], [0.8288490236486341, 1.2567454548894001, 0.0421973172868269, 0.06527728916727996, 0.043866885754631636, 0.009311952381004128], [0.030866118935692986, 0.0421973172868269, 0.5310045314631819, 0.4230685550961346, 0.30035955926085545, 0.015956904824045923], [0.04967056890714426, 0.06527728916727996, 0.4230685550961346, 0.3709599814615383, 0.28958805148571704, 0.024057955487815124], [0.03544658101819573, 0.043866885754631636, 0.30035955926085545, 0.28958805148571704, 0.3070003156987095, 0.030408894519466944], [0.008378218251731802, 0.009311952381004128, 0.015956904824045923, 0.024057955487815124, 0.030408894519466944, 0.25745023880547796]], [[1.3473562606997793, 0.6609645502165067, 0.03867343869593219, 0.06702158203412649, 0.04977105355306026, 0.008166415686009084], [0.6609645502165067, 1.0301967568225725, 0.05732026804478316, 0.10482098568242916, 0.06923521267926383, 0.00947074320350707], [0.03867343869593219, 0.05732026804478316, 0.44981468835570015, 0.38926579255672655, 0.3692733614241662, 0.017379742217294294], [0.06702158203412649, 0.10482098568242916, 0.38926579255672655, 0.3947625733882673, 0.32675914869964473, 0.020270772413230855], [0.04977105355306026, 0.06923521267926383, 0.3692733614241662, 0.32675914869964473, 0.3316796980869699, 0.02519498273520332], [0.008166415686009084, 0.00947074320350707, 0.017379742217294294, 0.020270772413230855, 0.02519498273520332, 0.27021320272933724]], [[1.1776376525326333, 0.5030464824966042, 0.1288779684622022, 0.043918610124471895, 0.07626619146413752, 0.008161568232200123], [0.5030464824966042, 0.8450784078443238, 0.24553680804932645, 0.07148700279371133, 0.12416433964470128, 0.010238757309877819], [0.1288779684622022, 0.24553680804932645, 0.476435679128822, 0.253224217408666, 0.33743809932116836, 0.01682812120685134], [0.043918610124471895, 0.07148700279371133, 0.253224217408666, 0.3770313250330472, 0.3412672545451594, 0.018992251913217795], [0.07626619146413752, 0.12416433964470128, 0.33743809932116836, 0.3412672545451594, 0.3667323465462727, 0.02127439804290753], [0.008161568232200123, 0.010238757309877819, 0.01682812120685134, 0.018992251913217795, 0.02127439804290753, 0.28084400723043235]], [[0.9818363169754678, 0.3963867750721366, 0.32979703619508405, 0.139773790372908, 0.04779087501200826, 0.008460614910007259], [0.3963867750721366, 0.7303790450715858, 0.573635351802947, 0.2744031222804532, 0.08261413460950473, 0.011269958910288255], [0.32979703619508405, 0.573635351802947, 0.5255128577984248, 0.3548839239840786, 0.14998733802044906, 0.015430793870935456], [0.139773790372908, 0.2744031222804532, 0.3548839239840786, 0.4040115999829969, 0.2609910582280085, 0.018973137108284348], [0.04779087501200826, 0.08261413460950473, 0.14998733802044906, 0.2609910582280085, 0.35787642060705427, 0.01907277172971019], [0.008460614910007259, 0.011269958910288255, 0.015430793870935456, 0.018973137108284348, 0.01907277172971019, 0.2805275142669568]], [[0.8248465421137802, 0.4087158902307091, 0.6088175964514287, 0.29909150493444026, 0.05827087126461534, 0.009695104916526538], [0.4087158902307091, 0.7729044856523057, 0.5358439082309522, 0.4826345739340764, 0.08834915098005645, 0.012310813771231404], [0.6088175964514287, 0.5358439082309522, 0.5770891420736651, 0.41907196048446615, 0.12129783363210651, 0.014852760744107648], [0.29909150493444026, 0.4826345739340764, 0.41907196048446615, 0.4514685595084974, 0.18768745763494307, 0.017138558805546045], [0.05827087126461534, 0.08834915098005645, 0.12129783363210651, 0.18768745763494307, 0.338810131603593, 0.018608741579124632], [0.009695104916526538, 0.012310813771231404, 0.014852760744107648, 0.017138558805546045, 0.018608741579124632, 0.2903936088002907]], [[0.7457915594185965, 0.7228991192683833, 0.5806612040339342, 0.4627313649295472, 0.06922253817549327, 0.010842872074966856], [0.7228991192683833, 0.723412613781116, 0.5806560966701497, 0.48641822283941605, 0.07677791043577428, 0.011461323335871737], [0.5806612040339342, 0.5806560966701497, 0.5357788859919083, 0.4820186004994103, 0.13201980493412185, 0.015137329967688793], [0.4627313649295472, 0.48641822283941605, 0.4820186004994103, 0.47567199227603807, 0.1600024840266777, 0.016052783965405822], [0.06922253817549327, 0.07677791043577428, 0.13201980493412185, 0.1600024840266777, 0.3347156659414623, 0.018244986397812992], [0.010842872074966856, 0.011461323335871737, 0.015137329967688793, 0.016052783965405822, 0.018244986397812992, 0.2962303086729541]], [[0.856349940661434, 0.3479891544595047, 0.7111574486383734, 0.19783996264946227, 0.05766210779534003, 0.009106335665459615], [0.3479891544595047, 0.7613858251356156, 0.47748029518730245, 0.38780123603619204, 0.10179981893754425, 0.012258777549330397], [0.7111574486383734, 0.47748029518730245, 0.66382530714749, 0.3076790806252109, 0.1144398486858042, 0.014116850276350226], [0.19783996264946227, 0.38780123603619204, 0.3076790806252109, 0.4275247086457685, 0.23451445684414152, 0.017613716356209], [0.05766210779534003, 0.10179981893754425, 0.1144398486858042, 0.23451445684414152, 0.3389336920260809, 0.018969676064507085], [0.009106335665459615, 0.012258777549330397, 0.014116850276350226, 0.017613716356209, 0.018969676064507085, 0.28521066575736376]], [[1.0417627989275111, 0.5180618427499775, 0.2881714998580323, 0.07076116079250917, 0.0654445791186167, 0.008141232718133908], [0.5180618427499775, 0.7415767945449081, 0.5169872753548207, 0.12555294980669515, 0.11161531640528749, 0.010992570692972863], [0.2881714998580323, 0.5169872753548207, 0.5328481068173226, 0.23985976003007703, 0.206313363296054, 0.01575101630753016], [0.07076116079250917, 0.12555294980669515, 0.23985976003007703, 0.39606835351773134, 0.35399930265669044, 0.018183769655183594], [0.0654445791186167, 0.11161531640528749, 0.206313363296054, 0.35399930265669044, 0.3432554160852085, 0.020229279207881607], [0.008141232718133908, 0.010992570692972863, 0.01575101630753016, 0.018183769655183594, 0.020229279207881607, 0.2867461632911207]], [[1.207135677818629, 0.7030725826853248, 0.12588715890009536, 0.03779136506273738, 0.0598043512511199, 0.007973983556418051], [0.7030725826853248, 0.9144366517609045, 0.2088928504428001, 0.05864992378129106, 0.0886825775520381, 0.009837397680764873], [0.12588715890009536, 0.2088928504428001, 0.47661317931230357, 0.2575398197743971, 0.28009474795247047, 0.01749275522170531], [0.03779136506273738, 0.05864992378129106, 0.2575398197743971, 0.41903631238539013, 0.3638423718508804, 0.01814512421334512], [0.0598043512511199, 0.0886825775520381, 0.28009474795247047, 0.3638423718508804, 0.33712253843946033, 0.023431545503936987], [0.007973983556418051, 0.009837397680764873, 0.01749275522170531, 0.01814512421334512, 0.023431545503936987, 0.27449292252821406]], [[1.4080967605411943, 0.9211632041132648, 0.032323635707856624, 0.07115893336535503, 0.04186352859310661, 0.008225285015630853], [0.9211632041132648, 1.0956226579951105, 0.04631541416381245, 0.10120359657367288, 0.055407197194424336, 0.009613829554427095], [0.032323635707856624, 0.04631541416381245, 0.47957807522099916, 0.37053080703468433, 0.34236037033271544, 0.01706089824621013], [0.07115893336535503, 0.10120359657367288, 0.37053080703468433, 0.4188316352223697, 0.27568539202796316, 0.020603720747484518], [0.04186352859310661, 0.055407197194424336, 0.34236037033271544, 0.27568539202796316, 0.30920995111716837, 0.028175760555869806], [0.008225285015630853, 0.009613829554427095, 0.01706089824621013, 0.020603720747484518, 0.028175760555869806, 0.2643913388881469]], [[1.6848808205524026, 1.093947724282158, 0.029945687562110215, 0.047566757593023874, 0.03033743138254785, 0.008515973895415405], [1.093947724282158, 1.3039441146434405, 0.0406743497488556, 0.061630125957543413, 0.03767713374324539, 0.009485409451231275], [0.029945687562110215, 0.0406743497488556, 0.5615915357526228, 0.434889187939846, 0.2246520872547041, 0.015446822269175094], [0.047566757593023874, 0.061630125957543413, 0.434889187939846, 0.3744738535159944, 0.25883096112888565, 0.024671575433763384], [0.03033743138254785, 0.03767713374324539, 0.2246520872547041, 0.25883096112888565, 0.29230778150476655, 0.0337663967173469], [0.008515973895415405, 0.009485409451231275, 0.015446822269175094, 0.024671575433763384, 0.0337663967173469, 0.2522087052599391]], [[2.0769947339481454, 1.2706365925715561, 0.028301240187023256, 0.033142180645255426, 0.024043031230929927, 0.008223762060659806], [1.2706365925715561, 1.5792805614852252, 0.03759718088906927, 0.039824137464563605, 0.0284737819958306, 0.009016582315848164], [0.028301240187023256, 0.03759718088906927, 0.6944034042224414, 0.25816089212561366, 0.11675767268193281, 0.013733036487738114], [0.033142180645255426, 0.039824137464563605, 0.25816089212561366, 0.3438680678145281, 0.2536098623536353, 0.0291971680489328], [0.024043031230929927, 0.0284737819958306, 0.11675767268193281, 0.2536098623536353, 0.27385065228377786, 0.03957462624323225], [0.008223762060659806, 0.009016582315848164, 0.013733036487738114, 0.0291971680489328, 0.03957462624323225, 0.23452025181813863]], [[2.6705284441015618, 1.3049821404197979, 0.02736898857947898, 0.025738803478304866, 0.019467104680184154, 0.007591186985960672], [1.3049821404197979, 2.004789331629088, 0.03647863865908207, 0.03003907711519858, 0.02281063848778545, 0.00812237266434569], [0.02736898857947898, 0.03647863865908207, 1.0592168862026061, 0.11014352540914489, 0.0601888055097337, 0.01134275772987559], [0.025738803478304866, 0.03003907711519858, 0.11014352540914489, 0.3187553456495596, 0.24533030277959433, 0.03426159225269367], [0.019467104680184154, 0.02281063848778545, 0.0601888055097337, 0.24533030277959433, 0.2652723242454123, 0.046397724532088624], [0.007591186985960672, 0.00812237266434569, 0.01134275772987559, 0.03426159225269367, 0.046397724532088624, 0.2208439763866469]], [[3.90828873810199, 1.1277188043705064, 0.02803945607720761, 0.02048432947425951, 0.015817779914973438, 0.006927664630050827], [1.1277188043705064, 2.6216640035863907, 0.03888576151880727, 0.023414180397683646, 0.01824148632285358, 0.007428953485183644], [0.02803945607720761, 0.03888576151880727, 1.7467830508140691, 0.05336550317723515, 0.03657413551134472, 0.009091582419900598], [0.02048432947425951, 0.023414180397683646, 0.05336550317723515, 0.2986037375619728, 0.24601079228055625, 0.03902971692767331], [0.015817779914973438, 0.01824148632285358, 0.03657413551134472, 0.24601079228055625, 0.25770545375801324, 0.05253820759191717], [0.006927664630050827, 0.007428953485183644, 0.009091582419900598, 0.03902971692767331, 0.05253820759191717, 0.20346180635699054]], [[6.120214067176045, 0.7943944401172401, 0.029246232338211126, 0.01631049934486719, 0.014464277273169459, 0.005970200448714233], [0.7943944401172401, 3.6167899878177594, 0.04223416491280248, 0.019546294355932272, 0.016749041563511126, 0.0065972864940808075], [0.029246232338211126, 0.04223416491280248, 2.7714822191825803, 0.03136450622744078, 0.02476189110216343, 0.007734483022628947], [0.01631049934486719, 0.019546294355932272, 0.03136450622744078, 0.2856092313068866, 0.2513171210846944, 0.04412465416548775], [0.014464277273169459, 0.016749041563511126, 0.02476189110216343, 0.2513171210846944, 0.25596775300497027, 0.05699034695901102], [0.005970200448714233, 0.0065972864940808075, 0.007734483022628947, 0.04412465416548775, 0.05699034695901102, 0.1877460784541983]], [[11.328978839589357, 0.47460089756607654, 0.03329482653898972, 0.01418028593525336, 0.011747632655888006, 0.004834482935492644], [0.47460089756607654, 5.782846440863051, 0.05124714288609397, 0.015457894527733189, 0.013836803392971072, 0.005541747790955759], [0.03329482653898972, 0.05124714288609397, 4.746990017904907, 0.021306255544039178, 0.01721000430939032, 0.006041355431869365], [0.01418028593525336, 0.015457894527733189, 0.021306255544039178, 0.2781125158844387, 0.25455457029727446, 0.04690974136971813], [0.011747632655888006, 0.013836803392971072, 0.01721000430939032, 0.25455457029727446, 0.25857957008188764, 0.05714109110404519], [0.004834482935492644, 0.005541747790955759, 0.006041355431869365, 0.04690974136971813, 0.05714109110404519, 0.18145049367603538]], [[27.736643059319746, 0.33249937327003465, 0.04132905692129135, 0.010000674539601595, 0.009739938436325658, 0.00397983083247934], [0.33249937327003465, 11.368227628136653, 0.06436347032308422, 0.012233836850074632, 0.011229835636354647, 0.00454452322675876], [0.04132905692129135, 0.06436347032308422, 9.663837273385354, 0.015799617034418702, 0.016276073982629875, 0.004979654097303615], [0.010000674539601595, 0.012233836850074632, 0.015799617034418702, 0.2740317919518159, 0.2658781363725504, 0.0493716154523967], [0.009739938436325658, 0.011229835636354647, 0.016276073982629875, 0.2658781363725504, 0.26475209061773525, 0.05452114862501169], [0.00397983083247934, 0.00454452322675876, 0.004979654097303615, 0.0493716154523967, 0.05452114862501169, 0.17622153401046387]], [[14.466592047776967, 14.32717675968072, 0.02770365364714064, 0.011179239863894198, 0.01128836711732654, 0.0046706577637412325], [14.32717675968072, 14.37900846132866, 0.027768478404434582, 0.011199128864881202, 0.011311409656880104, 0.0046886696686447085], [0.02770365364714064, 0.027768478404434582, 3.891073248597031, 0.019018169598884395, 0.01911391949723806, 0.005789207377509629], [0.011179239863894198, 0.011199128864881202, 0.019018169598884395, 0.25771516431998504, 0.25829584966618097, 0.06421768960191336], [0.01128836711732654, 0.011311409656880104, 0.01911391949723806, 0.25829584966618097, 0.2590061533461167, 0.06373338616766436], [0.0046706577637412325, 0.0046886696686447085, 0.005789207377509629, 0.06421768960191336, 0.06373338616766436, 0.19667452716964623]], [[8.803072313681783, 4.091464923463713, 0.023550848669631617, 0.011825422288320793, 0.012220881086780174, 0.005631202953815081], [4.091464923463713, 8.118868584174203, 0.025212974617242468, 0.0121935258349804, 0.012499223492361452, 0.005745107673931878], [0.023550848669631617, 0.025212974617242468, 2.4037390054480023, 0.024634048056194353, 0.023305639267375177, 0.007297963505382633], [0.011825422288320793, 0.0121935258349804, 0.024634048056194353, 0.2568289748584167, 0.2551310183423162, 0.06455604405122672], [0.012220881086780174, 0.012499223492361452, 0.023305639267375177, 0.2551310183423162, 0.25485439108913455, 0.0675908018578315], [0.005631202953815081, 0.005745107673931878, 0.007297963505382633, 0.06455604405122672, 0.0675908018578315, 0.20869422583189357]], [[5.656468852910027, 1.2868446790990116, 0.020896907393536442, 0.01437473843514164, 0.013504144504778775, 0.006366531823617346], [1.2868446790990116, 4.929391032855266, 0.025493057961513, 0.015037144550600236, 0.01428542602547758, 0.006475967270425636], [0.020896907393536442, 0.025493057961513, 1.5417441327056784, 0.03414260055120747, 0.02913493376903282, 0.008918535169669463], [0.01437473843514164, 0.015037144550600236, 0.03414260055120747, 0.26228819637406803, 0.2503166850771358, 0.05765461045998892], [0.013504144504778775, 0.01428542602547758, 0.02913493376903282, 0.2503166850771358, 0.2505898449416672, 0.06688121963663411], [0.006366531823617346, 0.006475967270425636, 0.008918535169669463, 0.05765461045998892, 0.06688121963663411, 0.20844103310007633]], [[3.8409396714438544, 0.7783842812850909, 0.021927124201889258, 0.016708473140448796, 0.015170120258412422, 0.006934335346081032], [0.7783842812850909, 3.224438742855626, 0.028183150966771087, 0.01860484243520026, 0.016707159304815117, 0.00720001172550602], [0.021927124201889258, 0.028183150966771087, 1.1379940664148127, 0.055677350335954945, 0.04060309904005055, 0.010423734407044022], [0.016708473140448796, 0.01860484243520026, 0.055677350335954945, 0.27387319904450874, 0.2441886789617032, 0.048271641191432076], [0.015170120258412422, 0.016707159304815117, 0.04060309904005055, 0.2441886789617032, 0.2474998575862339, 0.061416276208491695], [0.006934335346081032, 0.00720001172550602, 0.010423734407044022, 0.048271641191432076, 0.061416276208491695, 0.21551606323436076]], [[2.9039256419450004, 0.5512782676913337, 0.02311653473093572, 0.02099086747496159, 0.017617346246147306, 0.007295949038424902], [0.5512782676913337, 2.271003723313643, 0.03175369217806019, 0.02451213186635668, 0.02032337402055777, 0.007515407157771466], [0.02311653473093572, 0.03175369217806019, 0.8106860448210916, 0.11306295960432365, 0.06252500096826234, 0.01306052892544919], [0.02099086747496159, 0.02451213186635668, 0.11306295960432365, 0.2942914702135304, 0.23710485714766202, 0.03919769678603162], [0.017617346246147306, 0.02032337402055777, 0.06252500096826234, 0.23710485714766202, 0.25177656913105884, 0.05384984707213314], [0.007295949038424902, 0.007515407157771466, 0.01306052892544919, 0.03919769678603162, 0.05384984707213314, 0.21831264228214056]], [[2.332242073903534, 0.431477488136596, 0.02465640931542802, 0.027572188816405233, 0.02084109505521867, 0.007715206250225202], [0.431477488136596, 1.6724033068262172, 0.03747918923362446, 0.036903033885275584, 0.025780928101154788, 0.008233466957391977], [0.02465640931542802, 0.03747918923362446, 0.6368194550837668, 0.25671696187602727, 0.10780929491139192, 0.01509155083346827], [0.027572188816405233, 0.036903033885275584, 0.25671696187602727, 0.3199685138494329, 0.23392140219531488, 0.031887094602655715], [0.02084109505521867, 0.025780928101154788, 0.10780929491139192, 0.23392140219531488, 0.2577819700503694, 0.045158102123884825], [0.007715206250225202, 0.008233466957391977, 0.01509155083346827, 0.031887094602655715, 0.045158102123884825, 0.23286325128217275]], [[1.9171680951305143, 0.33202736340076155, 0.02713099275721152, 0.03561278871338729, 0.026019237763024318, 0.0077547503060702025], [0.33202736340076155, 1.2944708637350295, 0.045445995383695724, 0.05934128626930443, 0.035119987140882644, 0.008941980992898257], [0.02713099275721152, 0.045445995383695724, 0.5402403506230178, 0.39506775933932803, 0.1805322053369255, 0.01643992216478168], [0.03561278871338729, 0.05934128626930443, 0.39506775933932803, 0.3480222490931133, 0.23424484188210026, 0.026111308766285986], [0.026019237763024318, 0.035119987140882644, 0.1805322053369255, 0.23424484188210026, 0.2712182184245584, 0.03782001931576529], [0.0077547503060702025, 0.008941980992898257, 0.01643992216478168, 0.026111308766285986, 0.03782001931576529, 0.24733538739584318]], [[1.6464056394739917, 0.25441514376154256, 0.03557251524638167, 0.04315854064365302, 0.031493942357479536, 0.007706068016542795], [0.25441514376154256, 1.0252409600376626, 0.07132807822156283, 0.09618499905926632, 0.04923533067973886, 0.009364754104678102], [0.03557251524638167, 0.07132807822156283, 0.49049767010366196, 0.3991463760500048, 0.2418955999685274, 0.017594648097780104], [0.04315854064365302, 0.09618499905926632, 0.3991463760500048, 0.3634063089736324, 0.2602528440238245, 0.022603801816900627], [0.031493942357479536, 0.04923533067973886, 0.2418955999685274, 0.2602528440238245, 0.28553156673748004, 0.03141577595353909], [0.007706068016542795, 0.009364754104678102, 0.017594648097780104, 0.022603801816900627, 0.03141577595353909, 0.2579723787207583]], [[1.4351282876821572, 0.19806678822709517, 0.06964667343146533, 0.04025481349869713, 0.043302935689682555, 0.007612700734424958], [0.19806678822709517, 0.8330138920409301, 0.23833545620155352, 0.10319591671522989, 0.08416981089135038, 0.010412193983935596], [0.06964667343146533, 0.23833545620155352, 0.4895996421880329, 0.2849134023971326, 0.23687277663155468, 0.016674304852133618], [0.04025481349869713, 0.10319591671522989, 0.2849134023971326, 0.34944784621714703, 0.3205381621127438, 0.02142655721689356], [0.043302935689682555, 0.08416981089135038, 0.23687277663155468, 0.3205381621127438, 0.3070101245106249, 0.026408274605400784], [0.007612700734424958, 0.010412193983935596, 0.016674304852133618, 0.02142655721689356, 0.026408274605400784, 0.26907500510681165]], [[1.209108018541638, 0.17067555644690383, 0.15005516721112758, 0.04399643490016939, 0.0606096039019252, 0.007540256123283236], [0.17067555644690383, 0.7926357195908132, 0.5411803548893735, 0.11225933719803868, 0.15851515170974495, 0.011451308287249004], [0.15005516721112758, 0.5411803548893735, 0.5041543496378564, 0.18247527664150182, 0.24223988776068234, 0.015245560644112552], [0.04399643490016939, 0.11225933719803868, 0.18247527664150182, 0.32852838459062483, 0.3224303741956464, 0.02106225560359671], [0.0606096039019252, 0.15851515170974495, 0.24223988776068234, 0.3224303741956464, 0.340444621279946, 0.022419734099663483], [0.007540256123283236, 0.011451308287249004, 0.015245560644112552, 0.02106225560359671, 0.022419734099663483, 0.27353763049864527]], [[1.0205207576597206, 0.3028448211946406, 0.19577760701026606, 0.10616532995830426, 0.05104011718256176, 0.008359507435865483], [0.3028448211946406, 0.7531318198379509, 0.45080300392382006, 0.23070281352692057, 0.09159365951270934, 0.01148325929632205], [0.19577760701026606, 0.45080300392382006, 0.4762705193328623, 0.35448879183111826, 0.1771611982582061, 0.015481437110787546], [0.10616532995830426, 0.23070281352692057, 0.35448879183111826, 0.37801034545001283, 0.27667775789834914, 0.01955657083339802], [0.05104011718256176, 0.09159365951270934, 0.1771611982582061, 0.27667775789834914, 0.31797518381549617, 0.020954710106819603], [0.008359507435865483, 0.01148325929632205, 0.015481437110787546, 0.01955657083339802, 0.020954710106819603, 0.287513155949003]], [[0.8479348692984904, 0.733939326427709, 0.16157624496933295, 0.22543846012111177, 0.06622015992498916, 0.00986676246201953], [0.733939326427709, 0.7895771058378543, 0.19287172548590978, 0.2725194814755622, 0.07152932992593186, 0.0104196675952959], [0.16157624496933295, 0.19287172548590978, 0.4501886044201136, 0.42288054905521655, 0.23730432606111548, 0.016742338887579238], [0.22543846012111177, 0.2725194814755622, 0.42288054905521655, 0.4291211413072457, 0.21297783053029498, 0.017593233862670327], [0.06622015992498916, 0.07152932992593186, 0.23730432606111548, 0.21297783053029498, 0.3091081731042307, 0.02111529226771466], [0.00986676246201953, 0.0104196675952959, 0.016742338887579238, 0.017593233862670327, 0.02111529226771466, 0.28612544413901775]], [[0.918548273935938, 0.5654413992592608, 0.34485761864841985, 0.08113032864685929, 0.05931863633163798, 0.008608699821418342], [0.5654413992592608, 0.7094666959304259, 0.5080344697860343, 0.14269572225745442, 0.09229207890040286, 0.011530438945454802], [0.34485761864841985, 0.5080344697860343, 0.4985126044352764, 0.26194415079417044, 0.1595675016039679, 0.015734069380874797], [0.08113032864685929, 0.14269572225745442, 0.26194415079417044, 0.4178837945141204, 0.29020664137961016, 0.017805944324195636], [0.05931863633163798, 0.09229207890040286, 0.1595675016039679, 0.29020664137961016, 0.3039701232260266, 0.022298335630956], [0.008608699821418342, 0.011530438945454802, 0.015734069380874797, 0.017805944324195636, 0.022298335630956, 0.2836524279144754]], [[1.148147702225674, 0.1431628710820728, 0.5973742518879089, 0.04731668831696776, 0.04855287247193958, 0.007509175006273513], [0.1431628710820728, 0.7602641424929096, 0.3794801942402481, 0.1589493968938241, 0.1350919531501894, 0.012988859692384702], [0.5973742518879089, 0.3794801942402481, 0.7100974256443764, 0.13072325886596617, 0.11482801449196686, 0.014030874986212893], [0.04731668831696776, 0.1589493968938241, 0.13072325886596617, 0.4006673127587361, 0.30479330646776925, 0.018229397398748137], [0.04855287247193958, 0.1350919531501894, 0.11482801449196686, 0.30479330646776925, 0.29874260061239877, 0.024609879994035886], [0.007509175006273513, 0.012988859692384702, 0.014030874986212893, 0.018229397398748137, 0.024609879994035886, 0.27510985496038565]], [[1.333827738132765, 0.29176939200173535, 0.15693329908094322, 0.03447977886746023, 0.034982328418987164, 0.0070613463987156625], [0.29176939200173535, 0.7321144126072794, 0.5000272922931294, 0.08761612084619641, 0.07818621371494133, 0.011254276657129738], [0.15693329908094322, 0.5000272922931294, 0.5508050567319001, 0.17813952727300136, 0.13487899194808348, 0.01554777616934986], [0.03447977886746023, 0.08761612084619641, 0.17813952727300136, 0.4128780829843815, 0.2852815535972956, 0.018561431264828208], [0.034982328418987164, 0.07818621371494133, 0.13487899194808348, 0.2852815535972956, 0.2889844581542462, 0.028316097873636398], [0.0070613463987156625, 0.011254276657129738, 0.01554777616934986, 0.018561431264828208, 0.028316097873636398, 0.26639001732969997]], [[1.5815939723543082, 0.43271582748541754, 0.08165481273255064, 0.029695702847759235, 0.027143114187605594, 0.0070872242458652], [0.43271582748541754, 0.9088078386702585, 0.20322473709951439, 0.06326500156895758, 0.04877919826101362, 0.010265410037754273], [0.08165481273255064, 0.20322473709951439, 0.48812662018463204, 0.27750797872748806, 0.14443908126222202, 0.01782382131645184], [0.02969570284775923