[[[0.0, 0.0, 0.0, 0.0, 0.0, 0.0], [0.0, 0.0, 0.0, 0.0, 0.0, 0.0], [0.0, 0.0, 0.0, 0.0, 0.0, 0.0], [0.0, 0.0, 0.0, 0.24922670191415833, 0.25211198616460717, 0.2504417533392016], [0.0, 0.0, 0.0, 0.25211198616460717, 0.2551797466848365, 0.25342727730755155], [0.0, 0.0, 0.0, 0.2504417533392016, 0.25342727730755155, 0.25171800838527947]], [[42.29976117029756, 42.22175628887658, 0.05765122224580202, 0.007704899383520304, 0.007645396189670779, 0.0012465301005783773], [42.22175628887658, 42.14455149495992, 0.05807374582959697, 0.007707636207088696, 0.007648107119607387, 0.0012472351379275784], [0.05765122224580202, 0.05807374582959697, 201.47624508464995, 0.009493284073496823, 0.009383600736864763, 0.0014299947759739637], [0.007704899383520304, 0.007707636207088696, 0.009493284073496823, 0.32355003338714694, 0.32152684462869174, 0.01056738064881912], [0.007645396189670779, 0.007648107119607387, 0.009383600736864763, 0.32152684462869174, 0.3195494442972548, 0.010408675683343615], [0.0012465301005783773, 0.0012472351379275784, 0.0014299947759739637, 0.01056738064881912, 0.010408675683343615, 0.705196314350581]], [[12.053510133781506, 12.049785105850432, 0.0384284259531934, 0.011100356412567758, 0.01117906095120726, 0.0019675684586549576], [12.049785105850432, 12.04608748276332, 0.03872257696656975, 0.0111013122942702, 0.011180052555095906, 0.001968844947168018], [0.0384284259531934, 0.03872257696656975, 55.14081939212624, 0.01775535904026928, 0.017766814386825664, 0.002801342108935226], [0.011100356412567758, 0.0111013122942702, 0.01775535904026928, 0.5775883780484821, 0.5796332820762323, 0.012429023420307824], [0.01117906095120726, 0.011180052555095906, 0.017766814386825664, 0.5796332820762323, 0.5817568519796914, 0.012337550693045403], [0.0019675684586549576, 0.001968844947168018, 0.002801342108935226, 0.012429023420307824, 0.012337550693045403, 0.6807539828935733]], [[7.187354693492282, 7.189767345494875, 0.025411764009824263, 0.013213913334133626, 0.013152643364605874, 0.0031128348413569035], [7.189767345494875, 7.19220070530003, 0.025291370478259162, 0.013214705821222326, 0.01315343165157757, 0.0031125477483448863], [0.025411764009824263, 0.025291370478259162, 19.144656820296746, 0.025477836974357113, 0.025650704155136952, 0.005341712583814476], [0.013213913334133626, 0.013214705821222326, 0.025477836974357113, 0.9113162967160424, 0.9131240792520697, 0.015281699654314414], [0.013152643364605874, 0.01315343165157757, 0.025650704155136952, 0.9131240792520697, 0.9149956043920199, 0.015383474023570869], [0.0031128348413569035, 0.0031125477483448863, 0.005341712583814476, 0.015281699654314414, 0.015383474023570869, 0.6241406370178656]], [[5.906362138063582, 5.8603065916644725, 0.0230231672375804, 0.014311391411013891, 0.014522767682857053, 0.004619282931032335], [5.8603065916644725, 5.815447266685849, 0.022845868234035168, 0.014282801761093604, 0.014493604185484486, 0.00461111825809442], [0.0230231672375804, 0.022845868234035168, 6.382519426790544, 0.029207692085339517, 0.029361699228044685, 0.006907980980942845], [0.014311391411013891, 0.014282801761093604, 0.029207692085339517, 0.9695355242023703, 0.979073261050399, 0.020621785353320782], [0.014522767682857053, 0.014493604185484486, 0.029361699228044685, 0.979073261050399, 0.988878276861887, 0.020613030928220217], [0.004619282931032335, 0.00461111825809442, 0.006907980980942845, 0.020621785353320782, 0.020613030928220217, 0.5894691453249902]], [[5.063435838942936, 5.030238487435604, 0.027585105018980243, 0.016404579273300662, 0.01651698968124161, 0.006158840821423248], [5.030238487435604, 4.997523643137946, 0.027599559875254098, 0.016379777551910005, 0.01649181660020122, 0.006137920413285241], [0.027585105018980243, 0.027599559875254098, 4.360079216493556, 0.022189511646377842, 0.022274827558964587, 0.00616034483493437], [0.016404579273300662, 0.016379777551910005, 0.022189511646377842, 1.0661452607324788, 1.059979941139435, 0.02949604012133085], [0.01651698968124161, 0.01649181660020122, 0.022274827558964587, 1.059979941139435, 1.0539909920717114, 0.03000701484991154], [0.006158840821423248, 0.006137920413285241, 0.00616034483493437, 0.02949604012133085, 0.03000701484991154, 0.5265402078706497]], [[4.518429962901852, 4.4640367479054985, 0.030680551254658413, 0.013764149177922964, 0.013601261506555917, 0.005503122215123047], [4.4640367479054985, 4.412256281269795, 0.030729281481205264, 0.013715743842156547, 0.013553724595096031, 0.005487378922726122], [0.030680551254658413, 0.030729281481205264, 3.012283294183724, 0.019508659049066922, 0.019578570376736187, 0.0069202349810467915], [0.013764149177922964, 0.013715743842156547, 0.019508659049066922, 1.1093875281065684, 1.1002602570775717, 0.04368925850003585], [0.013601261506555917, 0.013553724595096031, 0.019578570376736187, 1.1002602570775717, 1.091537434770316, 0.04305458429656186], [0.005503122215123047, 0.005487378922726122, 0.0069202349810467915, 0.04368925850003585, 0.04305458429656186, 0.4954775188860262]], [[3.950314523845284, 3.978494924917623, 0.03118441613144446, 0.012248743898105277, 0.012085816340456275, 0.005305178334287394], [3.978494924917623, 4.007445801080462, 0.03071597863545528, 0.012241626448414828, 0.012078489684098847, 0.005296543188372435], [0.03118441613144446, 0.03071597863545528, 2.4960787020323147, 0.019343722996902735, 0.019385890132953283, 0.007762051173271389], [0.012248743898105277, 0.012241626448414828, 0.019343722996902735, 1.1199011642038006, 1.1263128247923762, 0.06062628391466304], [0.012085816340456275, 0.012078489684098847, 0.019385890132953283, 1.1263128247923762, 1.1329464864921805, 0.06055015658114372], [0.005305178334287394, 0.005296543188372435, 0.007762051173271389, 0.06062628391466304, 0.06055015658114372, 0.4534734017373232]], [[3.7663153832768788, 3.7428724705773426, 0.03021852637792294, 0.012211851504103737, 0.012138357535723489, 0.005652339030134416], [3.7428724705773426, 3.719806907692595, 0.03023755119423947, 0.012207502829852031, 0.012133610388484959, 0.005649705680398649], [0.03021852637792294, 0.03023755119423947, 2.3982531581652107, 0.022172899755615812, 0.02205468973165349, 0.009073740144132954], [0.012211851504103737, 0.012207502829852031, 0.022172899755615812, 1.1222395787157864, 1.0960036706558391, 0.0803013469084588], [0.012138357535723489, 0.012133610388484959, 0.02205468973165349, 1.0960036706558391, 1.0722879548476105, 0.08048674666518138], [0.005652339030134416, 0.005649705680398649, 0.009073740144132954, 0.0803013469084588, 0.08048674666518138, 0.46281757875266505]], [[3.5781902693184438, 3.5396736807786464, 0.02850242564785138, 0.013380346047704914, 0.01335911597974597, 0.006391227324452259], [3.5396736807786464, 3.5022563453062503, 0.028547369603280522, 0.013322618864372736, 0.013301490744439712, 0.006366102199012957], [0.02850242564785138, 0.028547369603280522, 2.3361322925406975, 0.03072143612784889, 0.031158033199713102, 0.011697080877143136], [0.013380346047704914, 0.013322618864372736, 0.03072143612784889, 1.1583029088269836, 1.1425475204072564, 0.09965322441601374], [0.01335911597974597, 0.013301490744439712, 0.031158033199713102, 1.1425475204072564, 1.1281028640813722, 0.10344637794427824], [0.006391227324452259, 0.006366102199012957, 0.011697080877143136, 0.09965322441601374, 0.10344637794427824, 0.572370406062405]], [[3.171621828839575, 3.188091337591137, 0.025508239728164444, 0.014975674305152774, 0.014729349684316223, 0.007684875177329014], [3.188091337591137, 3.204662983621991, 0.0254970926396033, 0.015058033575243433, 0.014810639948176612, 0.007723205074426176], [0.025508239728164444, 0.0254970926396033, 1.9917685398122709, 0.055081823904206045, 0.05381166898887828, 0.016550946663705966], [0.014975674305152774, 0.015058033575243433, 0.055081823904206045, 1.1427596231900918, 1.1478502453044965, 0.11941298292766109], [0.014729349684316223, 0.014810639948176612, 0.05381166898887828, 1.1478502453044965, 1.1533674098062947, 0.11618877341945742], [0.007684875177329014, 0.007723205074426176, 0.016550946663705966, 0.11941298292766109, 0.11618877341945742, 0.8198121963841221]], [[2.9722076441496545, 2.9482941606519257, 0.022564048327488977, 0.016534129807833284, 0.01650641101465334, 0.009011089313911215], [2.9482941606519257, 2.9247174703560073, 0.02259815976615158, 0.016410485538531253, 0.016382397798312225, 0.008981266788042886], [0.022564048327488977, 0.02259815976615158, 1.5020687946763864, 0.11691408143774444, 0.11716996984950807, 0.02591091281473984], [0.016534129807833284, 0.016410485538531253, 0.11691408143774444, 1.1129224459236724, 1.1242586596621302, 0.15176451362732074], [0.01650641101465334, 0.016382397798312225, 0.11716996984950807, 1.1242586596621302, 1.1360169343145423, 0.15038919250769842], [0.009011089313911215, 0.008981266788042886, 0.02591091281473984, 0.15176451362732074, 0.15038919250769842, 1.2086188188492744]], [[2.8353016698458817, 2.817132325120887, 0.02064839575265018, 0.0174666332891712, 0.017564383225563245, 0.010405736543995354], [2.817132325120887, 2.799185997950194, 0.020808587111607685, 0.01756362775021295, 0.017661908314414318, 0.010426546363540583], [0.02064839575265018, 0.020808587111607685, 1.540618579541015, 0.2962349368314628, 0.29513583002199295, 0.047503020356668584], [0.0174666332891712, 0.01756362775021295, 0.2962349368314628, 1.1059426468749278, 1.0925905700074123, 0.22655962974875737], [0.017564383225563245, 0.017661908314414318, 0.29513583002199295, 1.0925905700074123, 1.0798548026477934, 0.23007948970075864], [0.010405736543995354, 0.010426546363540583, 0.047503020356668584, 0.22655962974875737, 0.23007948970075864, 1.4024960319189186]], [[578.7945479215826, 575.6433924845034, 0.03722634940557002, 0.007337385765968898, 0.007266489418874772, 0.001337304775349923], [575.6433924845034, 572.6149247417043, 0.03722481955510588, 0.007337080071211467, 0.007266183537117849, 0.0013372101307517765], [0.03722634940557002, 0.03722481955510588, 17.690837149849614, 0.012461861327220587, 0.012496201170085468, 0.0019442859778111506], [0.007337385765968898, 0.007337080071211467, 0.012461861327220587, 0.3348096054301291, 0.3377823781772861, 0.010403524948620844], [0.007266489418874772, 0.007266183537117849, 0.012496201170085468, 0.3377823781772861, 0.3410577509530302, 0.01017837845923419], [0.001337304775349923, 0.0013372101307517765, 0.0019442859778111506, 0.010403524948620844, 0.01017837845923419, 0.6428600661248886]], [[36.860577666996036, 2.584509718196639, 0.029493225312343368, 0.009063402492729229, 0.009235275749062471, 0.0018538192372938146], [2.584509718196639, 28.17699419120732, 0.03258118553628234, 0.009501045721787501, 0.009647395013118272, 0.0019143167795193704], [0.029493225312343368, 0.03258118553628234, 11.718271016097342, 0.02021640635297265, 0.020263785557620005, 0.003150445890598968], [0.009063402492729229, 0.009501045721787501, 0.02021640635297265, 0.5263773316126455, 0.5346448016392974, 0.01151700784951823], [0.009235275749062471, 0.009647395013118272, 0.020263785557620005, 0.5346448016392974, 0.5464345279437113, 0.011695299971001076], [0.0018538192372938146, 0.0019143167795193704, 0.003150445890598968, 0.01151700784951823, 0.011695299971001076, 0.6463233761050481]], [[11.939059988260746, 1.340782847316377, 0.02232358580550546, 0.011248724780291184, 0.011331560293050151, 0.002701684629117272], [1.340782847316377, 10.136082549775047, 0.02782254897613952, 0.012455439925600095, 0.012456592270735473, 0.002916073847876786], [0.02232358580550546, 0.02782254897613952, 9.380687736396935, 0.02858302941967902, 0.02772097759663692, 0.005402579691110175], [0.011248724780291184, 0.012455439925600095, 0.02858302941967902, 0.862616577355946, 0.8326398626118652, 0.01404112431076226], [0.011331560293050151, 0.012456592270735473, 0.02772097759663692, 0.8326398626118652, 0.878893285433408, 0.014861383388625459], [0.002701684629117272, 0.002916073847876786, 0.005402579691110175, 0.01404112431076226, 0.014861383388625459, 0.619497340893217]], [[7.682362274084462, 0.8752463886172722, 0.01872610038703045, 0.012529240610165596, 0.01252363484051831, 0.0038758361561165976], [0.8752463886172722, 6.708466479985781, 0.02510724643042495, 0.014490317674356665, 0.01419254148161712, 0.004291606959594115], [0.01872610038703045, 0.02510724643042495, 5.276146969317655, 0.03613832394350017, 0.03207724015865307, 0.006875046561333062], [0.012529240610165596, 0.014490317674356665, 0.03613832394350017, 0.9980983139351756, 0.8914598050915189, 0.01730148645911729], [0.01252363484051831, 0.01419254148161712, 0.03207724015865307, 0.8914598050915189, 0.991794840241345, 0.0196557303466582], [0.0038758361561165976, 0.004291606959594115, 0.006875046561333062, 0.01730148645911729, 0.0196557303466582, 0.5583360062290368]], [[6.030894858679525, 0.6311468892136791, 0.019851662664548974, 0.013990206401240077, 0.013718390345076055, 0.005388842911453342], [0.6311468892136791, 5.350444918830231, 0.028172511167860955, 0.016942498541312582, 0.01607832550583142, 0.005968986098395939], [0.019851662664548974, 0.028172511167860955, 4.121123667536452, 0.027794706852217736, 0.023784017268665775, 0.006458127219499292], [0.013990206401240077, 0.016942498541312582, 0.027794706852217736, 1.1093450563250153, 0.8902999023071075, 0.0240947028999366], [0.013718390345076055, 0.01607832550583142, 0.023784017268665775, 0.8902999023071075, 1.0440705861560369, 0.028282429973939458], [0.005388842911453342, 0.005968986098395939, 0.006458127219499292, 0.0240947028999366, 0.028282429973939458, 0.5312854612370237]], [[5.223137015182228, 0.49999468736271185, 0.022283811646168907, 0.015259345611808382, 0.013465719001888485, 0.005688036890356084], [0.49999468736271185, 4.669454760399814, 0.03128231321336658, 0.016330281206542396, 0.014319520987525869, 0.005676903164267904], [0.022283811646168907, 0.03128231321336658, 3.1940792305143346, 0.023861851372950393, 0.020764238133344548, 0.0069707350425073054], [0.015259345611808382, 0.016330281206542396, 0.023861851372950393, 1.149770574868698, 0.8930878853228669, 0.034462275090946626], [0.013465719001888485, 0.014319520987525869, 0.020764238133344548, 0.8930878853228669, 1.0811918183439226, 0.043163248022933164], [0.005688036890356084, 0.005676903164267904, 0.0069707350425073054, 0.034462275090946626, 0.043163248022933164, 0.49740822810190327]], [[4.488299374816026, 0.4609197392904202, 0.021860111048403977, 0.013292019921469745, 0.011416739931046116, 0.005249432244129836], [0.4609197392904202, 3.946099905756842, 0.031598342932564784, 0.01429987822219527, 0.012359159974407282, 0.00538576792546731], [0.021860111048403977, 0.031598342932564784, 2.503043528373378, 0.022653867950906063, 0.01960179750774273, 0.00781632690668985], [0.013292019921469745, 0.01429987822219527, 0.022653867950906063, 1.142959723584517, 0.9166232335339111, 0.04951804139603284], [0.011416739931046116, 0.012359159974407282, 0.01960179750774273, 0.9166232335339111, 1.1145112451220116, 0.061685898540401164], [0.005249432244129836, 0.00538576792546731, 0.00781632690668985, 0.04951804139603284, 0.061685898540401164, 0.4775069187008578]], [[3.9309479264373888, 0.4687342111213387, 0.021457896481363144, 0.01208175666228095, 0.010712364339177933, 0.005300098783007963], [0.4687342111213387, 3.701701744330714, 0.03190527398943739, 0.013704609193019014, 0.012041540936742394, 0.005725262905737632], [0.021457896481363144, 0.03190527398943739, 2.3663964454534665, 0.025087729164992394, 0.02106605040561263, 0.009095816589184413], [0.01208175666228095, 0.013704609193019014, 0.025087729164992394, 1.1651783325240956, 0.9259687159132546, 0.06899037384932998], [0.010712364339177933, 0.012041540936742394, 0.02106605040561263, 0.9259687159132546, 1.0968610193036177, 0.08127059220103502], [0.005300098783007963, 0.005725262905737632, 0.009095816589184413, 0.06899037384932998, 0.08127059220103502, 0.4914489668088496]], [[3.759737312915775, 0.5335450046601485, 0.02126081263515873, 0.012563823641976422, 0.01119651842075984, 0.005839383883026161], [0.5335450046601485, 3.5196195410501483, 0.031128456423635223, 0.014436053304475205, 0.012974484862626465, 0.006472797884924957], [0.02126081263515873, 0.031128456423635223, 2.291486028684042, 0.032568652839985016, 0.026837582050981988, 0.011040162678385233], [0.012563823641976422, 0.014436053304475205, 0.032568652839985016, 1.1581927897640352, 0.9722968074793111, 0.08877836671385536], [0.01119651842075984, 0.012974484862626465, 0.026837582050981988, 0.9722968074793111, 1.1106906484923473, 0.10016675379372705], [0.005839383883026161, 0.006472797884924957, 0.011040162678385233, 0.08877836671385536, 0.10016675379372705, 0.5747941959997703]], [[3.4907853291437005, 0.7440928420100541, 0.021311735652661794, 0.013792826356249455, 0.012709894698593025, 0.006838161609429259], [0.7440928420100541, 3.129818665826194, 0.029211467369088317, 0.015638027762424067, 0.014390258479772744, 0.007429913190788722], [0.021311735652661794, 0.029211467369088317, 2.089485950527731, 0.05232629163857919, 0.04213632313807862, 0.015089882300549667], [0.013792826356249455, 0.015638027762424067, 0.05232629163857919, 1.1740897556572099, 1.0127392475441153, 0.1116473595794631], [0.012709894698593025, 0.014390258479772744, 0.04213632313807862, 1.0127392475441153, 1.0901274537114523, 0.11467966845610097], [0.006838161609429259, 0.007429913190788722, 0.015089882300549667, 0.1116473595794631, 0.11467966845610097, 0.7314238278042168]], [[3.1791306255948952, 1.2599065451980929, 0.02135129822958327, 0.015680872594056223, 0.014543182654162089, 0.008458262260542566], [1.2599065451980929, 2.869236781065789, 0.026673954645885446, 0.017101652511877972, 0.015814011517040174, 0.00875148673927202], [0.02135129822958327, 0.026673954645885446, 1.636042164617892, 0.0942405328576504, 0.07609565373708943, 0.022393433726802473], [0.015680872594056223, 0.017101652511877972, 0.0942405328576504, 1.1298748332353143, 1.0568461606097441, 0.13254214953285542], [0.014543182654162089, 0.015814011517040174, 0.07609565373708943, 1.0568461606097441, 1.1295190053527069, 0.14284624311623262], [0.008458262260542566, 0.00875148673927202, 0.022393433726802473, 0.13254214953285542, 0.14284624311623262, 1.072486023101794]], [[2.933647734702872, 2.4278535389912035, 0.021585678951670857, 0.017028652257130242, 0.015758391665955225, 0.010071892216365315], [2.4278535389912035, 2.85573818753663, 0.023687434150239575, 0.017662484572666354, 0.016288242404704015, 0.010183611044178923], [0.021585678951670857, 0.023687434150239575, 1.3649675983547669, 0.18726127326742137, 0.14648023609226804, 0.03738616824126406], [0.017028652257130242, 0.017662484572666354, 0.18726127326742137, 1.1205599983501024, 1.0894918398055051, 0.1890050080945555], [0.015758391665955225, 0.016288242404704015, 0.14648023609226804, 1.0894918398055051, 1.2035379663717374, 0.2245395520875072], [0.010071892216365315, 0.010183611044178923, 0.03738616824126406, 0.1890050080945555, 0.2245395520875072, 1.3267705630222661]], [[2.9222550947964168, 2.4401248950185677, 0.021201230121765523, 0.017133699629239774, 0.015959482029928015, 0.010621780995298946], [2.4401248950185677, 2.806398423602698, 0.022939471097954967, 0.017839958199116303, 0.01658878764230897, 0.010710863376065272], [0.021201230121765523, 0.022939471097954967, 1.3255600224018635, 0.24833284938658456, 0.19423360634511733, 0.05021483216205985], [0.017133699629239774, 0.017839958199116303, 0.24833284938658456, 1.122593109692449, 1.0865755184810795, 0.2447923118231369], [0.015959482029928015, 0.01658878764230897, 0.19423360634511733, 1.0865755184810795, 1.1812326168174119, 0.28613532779143225], [0.010621780995298946, 0.010710863376065272, 0.05021483216205985, 0.2447923118231369, 0.28613532779143225, 1.434380489630494]], [[2.9717088975700583, 1.0840609086307116, 0.0198484176243512, 0.015205333435713326, 0.015480031872595522, 0.00928569416545661], [1.0840609086307116, 2.757256233135246, 0.025321051730432177, 0.016954226807340392, 0.017259850014357047, 0.009614487662789684], [0.0198484176243512, 0.025321051730432177, 1.326251679859511, 0.1354709819987042, 0.13582000288930365, 0.03138419668951434], [0.015205333435713326, 0.016954226807340392, 0.1354709819987042, 1.0756794298650851, 1.113270407687699, 0.17541489623639414], [0.015480031872595522, 0.017259850014357047, 0.13582000288930365, 1.113270407687699, 1.1545849354819475, 0.17361120824087056], [0.00928569416545661, 0.009614487662789684, 0.03138419668951434, 0.17541489623639414, 0.17361120824087056, 1.2512461004526145]], [[3.3389982398493987, 0.5326448818921727, 0.01954750835898567, 0.014395715346708542, 0.013576568898850873, 0.00767918323131153], [0.5326448818921727, 2.883471553491264, 0.028777498988086195, 0.01721296204249194, 0.01599146407775967, 0.008435269114214222], [0.01954750835898567, 0.028777498988086195, 1.6588751122700938, 0.07577024348496639, 0.06421962098792836, 0.019313786306495145], [0.014395715346708542, 0.01721296204249194, 0.07577024348496639, 1.1922797767793616, 1.0873529308790042, 0.12266312031373112], [0.013576568898850873, 0.01599146407775967, 0.06421962098792836, 1.0873529308790042, 1.1088256200255198, 0.13128472222526236], [0.00767918323131153, 0.008435269114214222, 0.019313786306495145, 0.12266312031373112, 0.13128472222526236, 0.9305485179648709]], [[3.649697432600438, 0.3335886844892171, 0.01969026060752681, 0.012919655328314322, 0.011793859746616824, 0.006359874771682663], [0.3335886844892171, 3.2503426257135373, 0.03313238524732967, 0.015896757589282023, 0.0143442517364554, 0.007343841363991803], [0.01969026060752681, 0.03313238524732967, 2.159585411874861, 0.04386666849462652, 0.035470541819546814, 0.01348842968671407], [0.012919655328314322, 0.015896757589282023, 0.04386666849462652, 1.151867933381109, 0.9934053684428614, 0.10260144293578015], [0.011793859746616824, 0.0143442517364554, 0.035470541819546814, 0.9934053684428614, 1.1031889445294605, 0.11102416597757676], [0.006359874771682663, 0.007343841363991803, 0.01348842968671407, 0.10260144293578015, 0.11102416597757676, 0.6767127648021236]], [[3.862634243506931, 0.25771130796042613, 0.019559555523180536, 0.011997734585693174, 0.010673548842382072, 0.005470462402898579], [0.25771130796042613, 3.60924385006539, 0.03546363894496748, 0.014752171934652092, 0.013187859193453014, 0.0063202292531907445], [0.019559555523180536, 0.03546363894496748, 2.3415273861034565, 0.02928183205601285, 0.024186230085871716, 0.010090436129321308], [0.011997734585693174, 0.014752171934652092, 0.02928183205601285, 1.15894536715342, 0.9341589132177877, 0.07843462828713185], [0.010673548842382072, 0.013187859193453014, 0.024186230085871716, 0.9341589132177877, 1.112788301354866, 0.0970021397826755], [0.005470462402898579, 0.0063202292531907445, 0.010090436129321308, 0.07843462828713185, 0.0970021397826755, 0.5182144186582965]], [[4.305132267629221, 0.23024265491848006, 0.020190399918232863, 0.012278894425235205, 0.010505732161166499, 0.005121793956079815], [0.23024265491848006, 3.816520537609133, 0.03710050409443391, 0.014338557866674677, 0.012345131847589993, 0.0057181998958609585], [0.020190399918232863, 0.03710050409443391, 2.4049899350943797, 0.02385535105072208, 0.020099956084637174, 0.008472144387117207], [0.012278894425235205, 0.014338557866674677, 0.02385535105072208, 1.1515808603433597, 0.8745113159601425, 0.05834212497733464], [0.010505732161166499, 0.012345131847589993, 0.020099956084637174, 0.8745113159601425, 1.102306536552575, 0.07696924875639881], [0.005121793956079815, 0.0057181998958609585, 0.008472144387117207, 0.05834212497733464, 0.07696924875639881, 0.47596786634588734]], [[5.050481656878548, 0.23491420300291133, 0.020664747234964642, 0.013928930971968711, 0.011362194069923483, 0.005313195751688508], [0.23491420300291133, 3.837319211485138, 0.03770529034686308, 0.015370311816545912, 0.012791166432430329, 0.0054793164022078344], [0.020664747234964642, 0.03770529034686308, 2.612621066941789, 0.022358156043445997, 0.01921056078552822, 0.007380696681322736], [0.013928930971968711, 0.015370311816545912, 0.022358156043445997, 1.141759586467154, 0.8312165706584861, 0.042250225309826965], [0.011362194069923483, 0.012791166432430329, 0.01921056078552822, 0.8312165706584861, 1.1003491790838424, 0.05545055793763511], [0.005313195751688508, 0.0054793164022078344, 0.007380696681322736, 0.042250225309826965, 0.05545055793763511, 0.4692089216050501]], [[6.178441593037511, 0.2484364585726497, 0.019760268662020204, 0.014635325783222035, 0.013337761295124952, 0.005734872865719554], [0.2484364585726497, 4.329797027728159, 0.036425523187193005, 0.01835543016122139, 0.014563738870703207, 0.005906304481954196], [0.019760268662020204, 0.036425523187193005, 3.4719174217740374, 0.024746470587510155, 0.020349642036474803, 0.00670993967224243], [0.014635325783222035, 0.01835543016122139, 0.024746470587510155, 1.182090173657973, 0.8081409893613694, 0.02986630409250979], [0.013337761295124952, 0.014563738870703207, 0.020349642036474803, 0.8081409893613694, 1.0887721266547845, 0.038949399008667104], [0.005734872865719554, 0.005906304481954196, 0.00670993967224243, 0.02986630409250979, 0.038949399008667104, 0.5138327163978637]], [[7.478969606728034, 0.2865287933195863, 0.01673880394220434, 0.013064492785943604, 0.012644576321921763, 0.004670854150953705], [0.2865287933195863, 4.797791167846706, 0.033262939245957204, 0.017715939913288275, 0.01721152231853827, 0.006010298403088334], [0.01673880394220434, 0.033262939245957204, 4.858788446180056, 0.03120443863757076, 0.024466403195050036, 0.006178977803510532], [0.013064492785943604, 0.017715939913288275, 0.03120443863757076, 1.0526313738921003, 0.7927044210880582, 0.02131252516356275], [0.012644576321921763, 0.01721152231853827, 0.024466403195050036, 0.7927044210880582, 1.0142830764728856, 0.026316050672357854], [0.004670854150953705, 0.006010298403088334, 0.006178977803510532, 0.02131252516356275, 0.026316050672357854, 0.5436639060619349]], [[11.279028697791828, 0.3050343229544129, 0.016286667095508918, 0.01143751386489794, 0.012181941708570924, 0.0033634933493726614], [0.3050343229544129, 5.370603172369605, 0.03358017389735228, 0.015082609434208926, 0.01509533768729753, 0.004173625852606727], [0.016286667095508918, 0.03358017389735228, 7.632690302372369, 0.03257116060474448, 0.03097299801243386, 0.007354855382494299], [0.01143751386489794, 0.015082609434208926, 0.03257116060474448, 1.0342602248621513, 0.7524123848526159, 0.01618265921074211], [0.012181941708570924, 0.01509533768729753, 0.03097299801243386, 0.7524123848526159, 0.8837889097438086, 0.01823669668082232], [0.0033634933493726614, 0.004173625852606727, 0.007354855382494299, 0.01618265921074211, 0.01823669668082232, 0.5798722091358717]], [[27.919049975110998, 0.26007501013334255, 0.01686492484832293, 0.01002292172407353, 0.010834003957408753, 0.002265468386605811], [0.26007501013334255, 6.671595657261864, 0.048267859946278524, 0.013273909649041614, 0.013716389698467354, 0.002772664300462702], [0.01686492484832293, 0.048267859946278524, 17.241921898265378, 0.023414247772548517, 0.023229040905919977, 0.00414112304372788], [0.01002292172407353, 0.013273909649041614, 0.023414247772548517, 0.7861266467897806, 0.67901313347632, 0.012873517515520152], [0.010834003957408753, 0.013716389698467354, 0.023229040905919977, 0.67901313347632, 0.7734759612846606, 0.014145118939487373], [0.002265468386605811, 0.002772664300462702, 0.00414112304372788, 0.012873517515520152, 0.014145118939487373, 0.6055868648844114]], [[220.41925245412352, 0.20918093109337285, 0.018269138825647957, 0.008171660731875068, 0.008570057811254625, 0.001493658294747054], [0.20918093109337285, 11.669740978766479, 0.08206799227970385, 0.010289581303095287, 0.010563335716989471, 0.001784967748607972], [0.018269138825647957, 0.08206799227970385, 29.596386449044545, 0.01538048964676558, 0.015441262557086353, 0.0023990710522349334], [0.008171660731875068, 0.010289581303095287, 0.01538048964676558, 0.4315092227363017, 0.44628700583027364, 0.011027878141925306], [0.008570057811254625, 0.010563335716989471, 0.015441262557086353, 0.44628700583027364, 0.47954066976492615, 0.01164488052352119], [0.001493658294747054, 0.001784967748607972, 0.0023990710522349334, 0.011027878141925306, 0.01164488052352119, 0.6672658516698379]], [[92.14009562027613, 92.43335222952523, 0.02401382564749067, 0.008686009087874112, 0.008755796181354662, 0.0023120213091878967], [92.43335222952523, 92.72942757444666, 0.024005905660581528, 0.008685486826249561, 0.008755276227656024, 0.0023116122737802673], [0.02401382564749067, 0.024005905660581528, 6.491890114941858, 0.029980830250177608, 0.029859757798389376, 0.004428488865249766], [0.008686009087874112, 0.008685486826249561, 0.029980830250177608, 0.6386197927916369, 0.642243464858635, 0.011818756415837874], [0.008755796181354662, 0.008755276227656024, 0.029859757798389376, 0.642243464858635, 0.6459276684540134, 0.012014663357191866], [0.0023120213091878967, 0.0023116122737802673, 0.004428488865249766, 0.011818756415837874, 0.012014663357191866, 0.5758935792420332]], [[26.2565944290142, 3.811653655850751, 0.019893586416795762, 0.009635824184603846, 0.009644639374485958, 0.0030739681914187535], [3.811653655850751, 24.586169907157245, 0.02047200956701379, 0.010026498799868425, 0.010013424348417706, 0.0031188669943768015], [0.019893586416795762, 0.02047200956701379, 4.309838324800113, 0.04091572123162227, 0.03998641091800989, 0.006639487398828343], [0.009635824184603846, 0.010026498799868425, 0.04091572123162227, 0.9140727126598026, 0.9174410739049366, 0.01401147905050632], [0.009644639374485958, 0.010013424348417706, 0.03998641091800989, 0.9174410739049366, 0.9414734118372408, 0.014215016855466481], [0.0030739681914187535, 0.0031188669943768015, 0.006639487398828343, 0.01401147905050632, 0.014215016855466481, 0.5449490402893195]], [[11.683652787994811, 0.9422083775785939, 0.016980081003011484, 0.010805312314029357, 0.010490405400596002, 0.0034654886040280724], [0.9422083775785939, 11.350937431750143, 0.018669376386139778, 0.012162684178885354, 0.01169449021310258, 0.0037211810616804325], [0.016980081003011484, 0.018669376386139778, 3.619205827695009, 0.048987192918655116, 0.04275141055961432, 0.006434832918524259], [0.010805312314029357, 0.012162684178885354, 0.048987192918655116, 1.0916835357083652, 0.9603468464528151, 0.016830920827192397], [0.010490405400596002, 0.01169449021310258, 0.04275141055961432, 0.9603468464528151, 1.0713147778378007, 0.018412968702220676], [0.0034654886040280724, 0.0037211810616804325, 0.006434832918524259, 0.016830920827192397, 0.018412968702220676, 0.5662355848383809]], [[7.64264359492221, 0.45178186369085344, 0.01599912225427527, 0.011970400662745365, 0.011501161371600168, 0.004698677406356494], [0.45178186369085344, 7.477086194693853, 0.019510254629840348, 0.014444733378365895, 0.013521841507241195, 0.005249754189551921], [0.01599912225427527, 0.019510254629840348, 3.380119689563783, 0.04049721107526269, 0.032018319366021716, 0.006912059904940536], [0.011970400662745365, 0.014444733378365895, 0.04049721107526269, 1.1261239418374769, 0.8136741931033287, 0.02219017845152753], [0.011501161371600168, 0.013521841507241195, 0.032018319366021716, 0.8136741931033287, 1.0834892613451221, 0.02596808089968758], [0.004698677406356494, 0.005249754189551921, 0.006912059904940536, 0.02219017845152753, 0.02596808089968758, 0.547058399231157]], [[6.211905991889828, 0.28597216435729134, 0.015955025303720956, 0.013510789126061172, 0.01225110914604209, 0.005139045251048857], [0.28597216435729134, 5.710821924726876, 0.021638986236413856, 0.017465556527873582, 0.015062909307716997, 0.005611367870793183], [0.015955025303720956, 0.021638986236413856, 2.838101755049848, 0.03386795484639636, 0.026715736781995115, 0.008068437411975202], [0.013510789126061172, 0.017465556527873582, 0.03386795484639636, 1.1760301502438886, 0.6945047695787938, 0.030243283452998846], [0.01225110914604209, 0.015062909307716997, 0.026715736781995115, 0.6945047695787938, 1.1062881492343362, 0.03976741901257476], [0.005139045251048857, 0.005611367870793183, 0.008068437411975202, 0.030243283452998846, 0.03976741901257476, 0.5543268415751493]], [[5.214424555424821, 0.22846938800663902, 0.015904750171535982, 0.014748372202321159, 0.011726283637378265, 0.0055450263529511976], [0.22846938800663902, 4.686752675217134, 0.021633519578490638, 0.016436302905388937, 0.012588758764309267, 0.0056222667511511394], [0.015904750171535982, 0.021633519578490638, 2.4490389086223385, 0.03137372495698028, 0.024273330521700314, 0.00878627474792019], [0.014748372202321159, 0.016436302905388937, 0.03137372495698028, 1.2005004669948596, 0.615740100385944, 0.04429184321659146], [0.011726283637378265, 0.012588758764309267, 0.024273330521700314, 0.615740100385944, 1.0900726343557443, 0.05983802350012247], [0.0055450263529511976, 0.0056222667511511394, 0.00878627474792019, 0.04429184321659146, 0.05983802350012247, 0.6121545887593887]], [[4.511995557493119, 0.21798048681707816, 0.015370272772848494, 0.013301354607673599, 0.010329121812757674, 0.005478272518750624], [0.21798048681707816, 4.015432118550671, 0.02237179074988132, 0.014955605524546486, 0.0117408217020454, 0.005837623104410298], [0.015370272772848494, 0.02237179074988132, 2.363990039031855, 0.03516164140924444, 0.025270030139599914, 0.009745569594161221], [0.013301354607673599, 0.014955605524546486, 0.03516164140924444, 1.1812241233665188, 0.6281758719535856, 0.062489656713806754], [0.010329121812757674, 0.0117408217020454, 0.025270030139599914, 0.6281758719535856, 1.0775661714727138, 0.08455922366875598], [0.005478272518750624, 0.005837623104410298, 0.009745569594161221, 0.062489656713806754, 0.08455922366875598, 0.6396623093554902]], [[4.12707145727405, 0.23727296367621634, 0.015639450938527512, 0.012828668374080945, 0.010273102848074832, 0.005815243802038971], [0.23727296367621634, 3.625323599835292, 0.024568994690802523, 0.015299302230957202, 0.012085267660217561, 0.006472232453932379], [0.015639450938527512, 0.024568994690802523, 2.283207578757224, 0.042016664749465346, 0.029286160954405407, 0.011234068624731875], [0.012828668374080945, 0.015299302230957202, 0.042016664749465346, 1.1762146523456078, 0.6864682457628047, 0.07983546577246932], [0.010273102848074832, 0.012085267660217561, 0.029286160954405407, 0.6864682457628047, 1.1154960728466121, 0.10035132394711915], [0.005815243802038971, 0.006472232453932379, 0.011234068624731875, 0.07983546577246932, 0.10035132394711915, 0.6270666346416587]], [[3.8458771528056026, 0.30530468067969074, 0.017377201014960684, 0.013267155662341221, 0.0112424422318434, 0.0065027265349525045], [0.30530468067969074, 3.3056688653253454, 0.027682852350248855, 0.01617423893367333, 0.013739119700635013, 0.007438289873482273], [0.017377201014960684, 0.027682852350248855, 2.2225099403437425, 0.05729095975523206, 0.03805885515278359, 0.014616235585562277], [0.013267155662341221, 0.01617423893367333, 0.05729095975523206, 1.157924154886736, 0.7466901317448211, 0.10075243731297868], [0.0112424422318434, 0.013739119700635013, 0.03805885515278359, 0.7466901317448211, 1.1236369505657195, 0.11603675269316137], [0.0065027265349525045, 0.007438289873482273, 0.014616235585562277, 0.10075243731297868, 0.11603675269316137, 0.7283445081486329]], [[3.5537292713655937, 0.5500429803327558, 0.020075013151998666, 0.01457214943073749, 0.012479885394333829, 0.007754207694248776], [0.5500429803327558, 3.021615310244686, 0.029480673476894623, 0.017385084354641568, 0.01459915092799162, 0.008478237817363541], [0.020075013151998666, 0.029480673476894623, 1.8851129430908284, 0.07995523381010636, 0.052895480042394215, 0.019866967643353297], [0.01457214943073749, 0.017385084354641568, 0.07995523381010636, 1.1395980439591669, 0.8305890614780845, 0.11922349480316631], [0.012479885394333829, 0.01459915092799162, 0.052895480042394215, 0.8305890614780845, 1.1776719262762432, 0.1439261376067755], [0.007754207694248776, 0.008478237817363541, 0.019866967643353297, 0.11922349480316631, 0.1439261376067755, 1.0013596255518744]], [[3.267179687474812, 1.7065071985896305, 0.02372209838589044, 0.01651334368798669, 0.013872187513747893, 0.009223122416004252], [1.7065071985896305, 2.909322542134177, 0.028417253546804765, 0.01763016937936098, 0.014706979267011358, 0.00938132439716901], [0.02372209838589044, 0.028417253546804765, 1.6823068492312776, 0.11506365021564523, 0.07471793061446348, 0.02801491646519209], [0.01651334368798669, 0.01763016937936098, 0.11506365021564523, 1.1328740030410298, 0.8775247926996506, 0.15489308024382617], [0.013872187513747893, 0.014706979267011358, 0.07471793061446348, 0.8775247926996506, 1.3250390251328554, 0.21539728854712037], [0.009223122416004252, 0.00938132439716901, 0.02801491646519209, 0.15489308024382617, 0.21539728854712037, 1.2698875024567038]], [[3.104597577812026, 1.95042173581926, 0.0239231377816435, 0.016531693923271026, 0.013755341917182827, 0.010314126061596764], [1.95042173581926, 2.935331519646117, 0.026675836752193535, 0.01752876530935711, 0.014683661550881077, 0.010550706341535272], [0.0239231377816435, 0.026675836752193535, 1.4159050272842233, 0.14078267318579774, 0.08908429844986486, 0.037301271921381225], [0.016531693923271026, 0.01752876530935711, 0.14078267318579774, 1.1471315603579475, 0.8373448406325011, 0.22146415228155059], [0.013755341917182827, 0.014683661550881077, 0.08908429844986486, 0.8373448406325011, 1.302456310051566, 0.37002112743608406], [0.010314126061596764, 0.010550706341535272, 0.037301271921381225, 0.22146415228155059, 0.37002112743608406, 1.3960674192141374]], [[3.361694114776886, 0.38036993622340887, 0.019294389929181716, 0.014484802354027541, 0.013202952731306406, 0.00957908133568171], [0.38036993622340887, 2.7595933807855735, 0.03004670974635668, 0.017902817898048533, 0.016430593565404432, 0.010366366171749807], [0.019294389929181716, 0.03004670974635668, 1.2445967175441393, 0.11904465465784538, 0.09297324259016866, 0.03378488180947603], [0.014484802354027541, 0.017902817898048533, 0.11904465465784538, 1.0999937894273522, 1.086606467093814, 0.21324774675144112], [0.013202952731306406, 0.016430593565404432, 0.09297324259016866, 1.086606467093814, 1.2995512336743447, 0.2637152721423881], [0.00957908133568171, 0.010366366171749807, 0.03378488180947603, 0.21324774675144112, 0.2637152721423881, 1.3745052165179787]], [[3.6276766249271333, 0.14669435735646205, 0.01620429195467154, 0.012648981370483068, 0.01244222877882924, 0.007763183049818029], [0.14669435735646205, 2.832505911634565, 0.032790562456453495, 0.018318873551893954, 0.016937014720058756, 0.009351673377841437], [0.01620429195467154, 0.032790562456453495, 1.3842701652868536, 0.08627232161861197, 0.07658240662211896, 0.024235855257328364], [0.012648981370483068, 0.018318873551893954, 0.08627232161861197, 1.2901056266842985, 1.1198744285024507, 0.13935222442350745], [0.01244222877882924, 0.016937014720058756, 0.07658240662211896, 1.1198744285024507, 1.097632483210314, 0.15497354732521054], [0.007763183049818029, 0.009351673377841437, 0.024235855257328364, 0.13935222442350745, 0.15497354732521054, 1.1225995655352359]], [[3.9477038494563788, 0.08674190642971379, 0.013861453975852589, 0.012144643153977848, 0.010630742941710417, 0.006417811563307763], [0.08674190642971379, 2.9223324462184315, 0.035599107228115316, 0.019067845792917728, 0.016002828214513976, 0.008394288020540236], [0.013861453975852589, 0.035599107228115316, 1.8225750935227105, 0.06601310228266627, 0.04705552861154113, 0.017175083619260092], [0.012144643153977848, 0.019067845792917728, 0.06601310228266627, 1.237586980277349, 0.8147714342909945, 0.10507008983468144], [0.010630742941710417, 0.016002828214513976, 0.04705552861154113, 0.8147714342909945, 1.0702595316322476, 0.12747944065600322], [0.006417811563307763, 0.008394288020540236, 0.017175083619260092, 0.10507008983468144, 0.12747944065600322, 0.8847193574120523]], [[4.416076735994678, 0.06868713384664271, 0.013351489373622601, 0.01204553139585936, 0.009519145304846046, 0.0056322028794335705], [0.06868713384664271,