[[[0.0, 0.0, 0.0, 0.0, 0.0, 0.0], [0.0, 0.0, 0.0, 0.0, 0.0, 0.0], [0.0, 0.0, 0.0, 0.0, 0.0, 0.0], [0.0, 0.0, 0.0, 2.120888818862788, 2.1787568490719935, 2.1537282595522402], [0.0, 0.0, 0.0, 2.1787568490719935, 2.2452289069640083, 2.2195957053106885], [0.0, 0.0, 0.0, 2.1537282595522402, 2.2195957053106885, 2.1949722365635416]], [[46.37804441005705, 45.57505519419043, 0.0005162824684267401, 0.00014250318583159551, 0.0001544429198024987, 4.798118946388738e-05], [45.57505519419043, 44.836638651038484, 0.0005260552193771507, 0.00014250449012816625, 0.000154427191006762, 4.798522505324698e-05], [0.0005162824684267401, 0.0005260552193771507, 195.262092876859, 0.0002041560602767644, 0.00018451940999688883, 6.373554511521027e-05], [0.00014250318583159551, 0.00014250449012816625, 0.0002041560602767644, 1.5048045275390238, 1.5996515630847827, 0.00024553335337109224], [0.0001544429198024987, 0.000154427191006762, 0.00018451940999688883, 1.5996515630847827, 1.7086357497690612, 0.00024629518448532854], [4.798118946388738e-05, 4.798522505324698e-05, 6.373554511521027e-05, 0.00024553335337109224, 0.00024629518448532854, 0.8575872942202099]], [[17.469049903792317, 17.87158857688329, 0.0006695003585131376, 0.0002536447514275095, 0.00023672179180906483, 5.9534038147470625e-05], [17.87158857688329, 18.310268203881133, 0.0006483718155461592, 0.0002554287349304014, 0.00023836123628960502, 5.993300754336277e-05], [0.0006695003585131376, 0.0006483718155461592, 19.327640480748588, 0.0012851195809330254, 0.0012766866157418377, 0.00040135256898612807], [0.0002536447514275095, 0.0002554287349304014, 0.0012851195809330254, 1.2777381224008368, 1.354088294242838, 0.00028259419752807517], [0.00023672179180906483, 0.00023836123628960502, 0.0012766866157418377, 1.354088294242838, 1.4432604440833137, 0.0002837263853448599], [5.9534038147470625e-05, 5.993300754336277e-05, 0.00040135256898612807, 0.00028259419752807517, 0.0002837263853448599, 0.6028728189775148]], [[7.074370873296752, 7.107621843936467, 0.0005402965357450054, 0.0007801080163266419, 0.0007871179512695185, 0.0002682210202614653], [7.107621843936467, 7.14304576101932, 0.0005544562748900887, 0.000773540512385594, 0.0007802912036303576, 0.00026598836265482695], [0.0005402965357450054, 0.0005544562748900887, 14.331137977174354, 0.0010607008746450729, 0.0009957829288591822, 0.00020968391698113147], [0.0007801080163266419, 0.000773540512385594, 0.0010607008746450729, 1.6603968839293104, 1.607010724937416, 0.000361588057395782], [0.0007871179512695185, 0.0007802912036303576, 0.0009957829288591822, 1.607010724937416, 1.5653889649604447, 0.00036549611333892433], [0.0002682210202614653, 0.00026598836265482695, 0.00020968391698113147, 0.000361588057395782, 0.00036549611333892433, 0.345588363418118]], [[3.4462303457767414, 3.3602100219961213, 0.00048177281487254774, 0.0010674331302799368, 0.0010178181839736484, 0.00030974488562487756], [3.3602100219961213, 3.2797358573549262, 0.0004830830095523343, 0.001055045610573064, 0.0010059891207352314, 0.0003065020517507034], [0.00048177281487254774, 0.0004830830095523343, 18.126255885583024, 0.0009103153999262852, 0.0008988816168308872, 0.00015534715592558458], [0.0010674331302799368, 0.001055045610573064, 0.0009103153999262852, 1.7401111256465558, 1.7165464640415962, 0.0005361781606267089], [0.0010178181839736484, 0.0010059891207352314, 0.0008988816168308872, 1.7165464640415962, 1.6948432297515739, 0.0005280932336590106], [0.00030974488562487756, 0.0003065020517507034, 0.00015534715592558458, 0.0005361781606267089, 0.0005280932336590106, 0.2715570120326419]], [[2.011081624772259, 2.027784918026925, 0.00038578573762333305, 0.0011103786204074118, 0.001090814276028305, 0.0002596211459158035], [2.027784918026925, 2.045561256791595, 0.0003877044679057372, 0.0011175795019947386, 0.001097700338061689, 0.0002609446094008897], [0.00038578573762333305, 0.0003877044679057372, 15.862977405302962, 0.0015925580564396765, 0.0016882361923466617, 0.00017826305156750207], [0.0011103786204074118, 0.0011175795019947386, 0.0015925580564396765, 1.848087333336964, 1.8814130378193867, 0.0007025553208084135], [0.001090814276028305, 0.001097700338061689, 0.0016882361923466617, 1.8814130378193867, 1.9188743604993728, 0.0006993780128935437], [0.0002596211459158035, 0.0002609446094008897, 0.00017826305156750207, 0.0007025553208084135, 0.0006993780128935437, 0.22667377876339168]], [[2.293249548159286, 2.279827718198763, 0.00030191250627944935, 0.0011620295876550461, 0.001169189935327286, 0.00022682174848214973], [2.279827718198763, 2.266879291024683, 0.00029941001553573856, 0.0011591623264679367, 0.0011661796389730997, 0.00022595885398373614], [0.00030191250627944935, 0.00029941001553573856, 12.926881965803274, 0.003161582768309453, 0.0035484037258098696, 0.00019381904963293727], [0.0011620295876550461, 0.0011591623264679367, 0.003161582768309453, 1.9736317036916982, 1.8640257453311775, 0.0008059707438055349], [0.001169189935327286, 0.0011661796389730997, 0.0035484037258098696, 1.8640257453311775, 1.783618583190365, 0.00079748661766602], [0.00022682174848214973, 0.00022595885398373614, 0.00019381904963293727, 0.0008059707438055349, 0.00079748661766602, 0.185314893483326]], [[2.4639079199663634, 2.4839278748682334, 0.0002613664787019062, 0.001239228066405456, 0.001205409454391166, 0.00022813803571814078], [2.4839278748682334, 2.5073806288019984, 0.00026319236084455425, 0.0012399882625371789, 0.001205976970824496, 0.00022770793457931878], [0.0002613664787019062, 0.00026319236084455425, 15.166373205012096, 0.10908159870545901, 0.11298750653045482, 0.00017980652698258804], [0.001239228066405456, 0.0012399882625371789, 0.10908159870545901, 1.8810926225983233, 1.783817839403905, 0.0007657723018961036], [0.001205409454391166, 0.001205976970824496, 0.11298750653045482, 1.783817839403905, 1.7075156161346285, 0.0007694738681513787], [0.00022813803571814078, 0.00022770793457931878, 0.00017980652698258804, 0.0007657723018961036, 0.0007694738681513787, 0.18643005028813947]], [[2.3026049489456963, 2.33823479298226, 0.0012391636124247513, 0.0011618807504775435, 0.00026764775871168233, 0.00021696125846853807], [2.33823479298226, 2.375501557399504, 0.0012406950873700587, 0.0011633063145591689, 0.0002656616431948256, 0.00021708818874044533], [0.0012391636124247513, 0.0012406950873700587, 2.087194058423486, 2.1219704319900417, 0.007691675618210025, 0.0007127044851487251], [0.0011618807504775435, 0.0011633063145591689, 2.1219704319900417, 2.160423301923605, 0.007928781362887667, 0.0007260731091919094], [0.00026764775871168233, 0.0002656616431948256, 0.007691675618210025, 0.007928781362887667, 7.531371502734074, 0.0003395548777362086], [0.00021696125846853807, 0.00021708818874044533, 0.0007127044851487251, 0.0007260731091919094, 0.0003395548777362086, 0.20067990441276543]], [[3.0117957489874465, 2.9447242639189635, 0.0014178960529054427, 0.0014966787860217331, 0.00023212480664657468, 0.0002595505145617751], [2.9447242639189635, 2.8805126165236783, 0.0013923886600033257, 0.0014697412122982798, 0.00022711149336183, 0.0002549083955309463], [0.0014178960529054427, 0.0013923886600033257, 2.169912160672023, 2.1632286816730937, 0.001726783143387142, 0.0007423520048985861], [0.0014966787860217331, 0.0014697412122982798, 2.1632286816730937, 2.159903775322798, 0.0016808448436494356, 0.0007715262890189658], [0.00023212480664657468, 0.00022711149336183, 0.001726783143387142, 0.0016808448436494356, 5.67789121205088, 0.0007371435178012477], [0.0002595505145617751, 0.0002549083955309463, 0.0007423520048985861, 0.0007715262890189658, 0.0007371435178012477, 0.3822684318688034]], [[2.655258363031486, 2.762418578872593, 0.001669100333191598, 0.0015658829435003807, 0.00023816006980378136, 0.00028653260826853405], [2.762418578872593, 2.8777402809145736, 0.0017268956677242834, 0.0016211519159402324, 0.00023600820086258043, 0.0002930748555718398], [0.001669100333191598, 0.0017268956677242834, 2.4358624695246944, 2.417577163333947, 0.0008304893679438033, 0.0005393403362843852], [0.0015658829435003807, 0.0016211519159402324, 2.417577163333947, 2.39996138570948, 0.0008446558395291102, 0.0005498826497266681], [0.00023816006980378136, 0.00023600820086258043, 0.0008304893679438033, 0.0008446558395291102, 3.3398139292421787, 0.0012819374013793823], [0.00028653260826853405, 0.0002930748555718398, 0.0005393403362843852, 0.0005498826497266681, 0.0012819374013793823, 0.4913274042631154]], [[2.7933680843571445, 2.8188074231195692, 0.002122062695760077, 0.0018609250690748318, 0.00023939637724267689, 0.00027906530983702116], [2.8188074231195692, 2.845552286065294, 0.002124033774550298, 0.0018639240598949378, 0.00024119488609279738, 0.0002800828443055228], [0.002122062695760077, 0.002124033774550298, 2.805327050414717, 2.6992966831428724, 0.0005728060139208089, 0.0005139958375844022], [0.0018609250690748318, 0.0018639240598949378, 2.6992966831428724, 2.6085869169329237, 0.0006034753432526735, 0.0004922062979291673], [0.00023939637724267689, 0.00024119488609279738, 0.0005728060139208089, 0.0006034753432526735, 2.7624565910847467, 0.003422630759166915], [0.00027906530983702116, 0.0002800828443055228, 0.0005139958375844022, 0.0004922062979291673, 0.003422630759166915, 0.7290643033012115]], [[2.8528748211257726, 2.8264396357234673, 0.0021160023578356514, 0.002079921894747759, 0.00020382279335501007, 0.00029530504907491974], [2.8264396357234673, 2.8010621776294635, 0.0020817278891038953, 0.002047716099807452, 0.00020262909548709473, 0.0002933590830700408], [0.0021160023578356514, 0.0020817278891038953, 2.6679447741708766, 2.502504574070306, 0.0005521774216868219, 0.000553159738361972], [0.002079921894747759, 0.002047716099807452, 2.502504574070306, 2.355831879326117, 0.0005579178328464361, 0.0005508643014748538], [0.00020382279335501007, 0.00020262909548709473, 0.0005521774216868219, 0.0005579178328464361, 1.4440786697220294, 0.023424292941521676], [0.00029530504907491974, 0.0002933590830700408, 0.000553159738361972, 0.0005508643014748538, 0.023424292941521676, 0.9778610704330393]], [[352.4602697359436, 353.23803632851457, 0.00444194977613018, 0.00016672837755889037, 0.00016970502191770696, 6.451539045911095e-05], [353.23803632851457, 354.04099286321855, 0.004436940202704305, 0.0001667033857279388, 0.00016968041982381887, 6.450637650996796e-05], [0.00444194977613018, 0.004436940202704305, 27.842521538246174, 0.0001749164591545997, 0.0001706254217627288, 6.810849897836361e-05], [0.00016672837755889037, 0.0001667033857279388, 0.0001749164591545997, 1.591658880399669, 1.4989356875921993, 0.00023502334685195997], [0.00016970502191770696, 0.00016968041982381887, 0.0001706254217627288, 1.4989356875921993, 1.4157031176439208, 0.00023359772395461635], [6.451539045911095e-05, 6.450637650996796e-05, 6.810849897836361e-05, 0.00023502334685195997, 0.00023359772395461635, 0.5564514477471135]], [[17.724168905127076, 0.025501590815056693, 0.0011385250990985718, 0.0002064853389773122, 0.00018825416080897695, 6.66789001302699e-05], [0.025501590815056693, 57.53277699665883, 0.001028701398175912, 0.00022955568548734746, 0.0002223741565764123, 7.161276155897542e-05], [0.0011385250990985718, 0.001028701398175912, 13.988051868499431, 0.0011766309023089803, 0.0010679501541697863, 0.000329330543147435], [0.0002064853389773122, 0.00022955568548734746, 0.0011766309023089803, 1.558541797348688, 0.5918987602820908, 0.0002675929358070018], [0.00018825416080897695, 0.0002223741565764123, 0.0010679501541697863, 0.5918987602820908, 1.4967782820009503, 0.00027960532561494705], [6.66789001302699e-05, 7.161276155897542e-05, 0.000329330543147435, 0.0002675929358070018, 0.00027960532561494705, 0.4588929098744362]], [[6.967674677856303, 0.046207433440983735, 0.0009678056449428838, 0.0006984410218625352, 0.0007487953166503073, 0.00020415069763544394], [0.046207433440983735, 13.029633103581714, 0.0007569576298266297, 0.0008868818445425274, 0.0008334696814342294, 0.0002647974364855964], [0.0009678056449428838, 0.0007569576298266297, 7.369503607722662, 0.0009891095269563919, 0.0009653146563311438, 0.0002506270256068622], [0.0006984410218625352, 0.0008868818445425274, 0.0009891095269563919, 1.5154113730073497, 0.18837731335239102, 0.0003680519275017151], [0.0007487953166503073, 0.0008334696814342294, 0.0009653146563311438, 0.18837731335239102, 1.5691695064738556, 0.0003776277519280788], [0.00020415069763544394, 0.0002647974364855964, 0.0002506270256068622, 0.0003680519275017151, 0.0003776277519280788, 0.3303468712050235]], [[3.0574781127611868, 0.17973881739245823, 0.0006827595819185879, 0.0010270977598295147, 0.0009344170022291687, 0.00029396296949162407], [0.17973881739245823, 5.32874177256826, 0.0006442628867904884, 0.001088401345334254, 0.0010139167552236728, 0.00032802590615330486], [0.0006827595819185879, 0.0006442628867904884, 11.408908510011415, 0.0008787867546641234, 0.0008578718254668424, 0.00018022574099490704], [0.0010270977598295147, 0.001088401345334254, 0.0008787867546641234, 1.6512292508199835, 0.12449074420311525, 0.000506194139066654], [0.0009344170022291687, 0.0010139167552236728, 0.0008578718254668424, 0.12449074420311525, 1.717025532860566, 0.0005564461194491453], [0.00029396296949162407, 0.00032802590615330486, 0.00018022574099490704, 0.000506194139066654, 0.0005564461194491453, 0.2927076353949931]], [[1.8742588186257167, 0.6355987241937161, 0.0005369938231652059, 0.0011194438564103646, 0.0011072829786126204, 0.000316595120717006], [0.6355987241937161, 3.1865238397562643, 0.0005293788625807423, 0.0011051532796591621, 0.0010574385903543832, 0.0002947731712795246], [0.0005369938231652059, 0.0005293788625807423, 13.206616359258108, 0.0011453590613401776, 0.0010532800500946818, 0.0001669667463780629], [0.0011194438564103646, 0.0011051532796591621, 0.0011453590613401776, 1.6270023484088834, 0.1259634521637446, 0.0006576182615971897], [0.0011072829786126204, 0.0010574385903543832, 0.0010532800500946818, 0.1259634521637446, 1.6311401517431083, 0.0007058562622071661], [0.000316595120717006, 0.0002947731712795246, 0.0001669667463780629, 0.0006576182615971897, 0.0007058562622071661, 0.217097231519351]], [[1.8117921950422504, 1.6786797684557186, 0.00039706899585165313, 0.0011511688313595512, 0.001067419619922855, 0.00024382723443940673], [1.6786797684557186, 3.1278702377436627, 0.0003816819163409696, 0.0011600568005559135, 0.0010753924172273001, 0.00024143682102372197], [0.00039706899585165313, 0.0003816819163409696, 15.14529181801911, 0.002264487692734923, 0.0025540493354081224, 0.0001766615824557233], [0.0011511688313595512, 0.0011600568005559135, 0.002264487692734923, 1.8709836099088253, 0.18070289414853977, 0.0007887860533208588], [0.001067419619922855, 0.0010753924172273001, 0.0025540493354081224, 0.18070289414853977, 1.6996479277439605, 0.000854223046762491], [0.00024382723443940673, 0.00024143682102372197, 0.0001766615824557233, 0.0007887860533208588, 0.000854223046762491, 0.20075358815907018]], [[2.234538922395637, 2.5139892269983086, 0.00036881292471133354, 0.0011180665036172495, 0.0011526034366821048, 0.00022107654780856404], [2.5139892269983086, 2.9105247125688805, 0.00035262969874366685, 0.001075047229846159, 0.0011113811632563022, 0.00020604250294265305], [0.00036881292471133354, 0.00035262969874366685, 9.294874689495467, 0.014877300290427047, 0.01128914360269887, 0.00017813557767511093], [0.0011180665036172495, 0.001075047229846159, 0.014877300290427047, 2.145850477331824, 0.3155871013517156, 0.0007128651493080086], [0.0011526034366821048, 0.0011113811632563022, 0.01128914360269887, 0.3155871013517156, 1.6639982688946315, 0.0008338766835901887], [0.00022107654780856404, 0.00020604250294265305, 0.00017813557767511093, 0.0007128651493080086, 0.0008338766835901887, 0.17842324138608287]], [[2.8937491946690415, 2.0747508146966265, 0.0012119323401349725, 0.0010625330931119503, 0.0002571181979802886, 0.00019933893039954717], [2.0747508146966265, 2.2225735347142446, 0.001256896066863699, 0.0010777769120147323, 0.0002723592585711258, 0.0002107988557351765], [0.0012119323401349725, 0.001256896066863699, 2.066907323197989, 0.33591608808024287, 0.018678589952435116, 0.0006393479306663548], [0.0010625330931119503, 0.0010777769120147323, 0.33591608808024287, 1.9108838928111405, 0.03873845865981171, 0.0007506118099643609], [0.0002571181979802886, 0.0002723592585711258, 0.018678589952435116, 0.03873845865981171, 8.158009104018578, 0.00026009233323671786], [0.00019933893039954717, 0.0002107988557351765, 0.0006393479306663548, 0.0007506118099643609, 0.00026009233323671786, 0.16987088555403368]], [[2.8742015169084136, 1.413927828223776, 0.0012798640195154387, 0.0012478385711707438, 0.00023559164673405203, 0.00023430633005824087], [1.413927828223776, 2.296003628196988, 0.001309663475926448, 0.00129268400810919, 0.0002451724480725406, 0.00024995777517342825], [0.0012798640195154387, 0.001309663475926448, 2.3090863486189126, 0.3983357021843175, 0.002547104014285286, 0.0007283364934686574], [0.0012478385711707438, 0.00129268400810919, 0.3983357021843175, 1.9955779852451299, 0.0029774113921591807, 0.0008426947941299802], [0.00023559164673405203, 0.0002451724480725406, 0.002547104014285286, 0.0029774113921591807, 5.607292109644682, 0.00053280584234997], [0.00023430633005824087, 0.00024995777517342825, 0.0007283364934686574, 0.0008426947941299802, 0.00053280584234997, 0.3492068623499478]], [[3.07745284680597, 1.0786396565986656, 0.0015779794462596568, 0.00162600522781304, 0.00024384814961508016, 0.0002731528368574271], [1.0786396565986656, 2.2772976540809107, 0.0016625029297531924, 0.0017607391558401874, 0.00023602654143004258, 0.000282359452019746], [0.0015779794462596568, 0.0016625029297531924, 2.6076189558200658, 0.4492119843134635, 0.0010061003062893676, 0.0005787726638577601], [0.00162600522781304, 0.0017607391558401874, 0.4492119843134635, 2.179983591461187, 0.0011814151320497612, 0.0006429679073154077], [0.00024384814961508016, 0.00023602654143004258, 0.0010061003062893676, 0.0011814151320497612, 2.7340691272265736, 0.0010492140616713474], [0.0002731528368574271, 0.000282359452019746, 0.0005787726638577601, 0.0006429679073154077, 0.0010492140616713474, 0.4101356570815023]], [[2.787555513644544, 0.9188673547592312, 0.0017934937068772624, 0.0018878589915120824, 0.00022552792961224978, 0.0002941247332356171], [0.9188673547592312, 2.8089243064988065, 0.0018064831011427949, 0.001935349701839006, 0.00023247310398137816, 0.00029686891587117886], [0.0017934937068772624, 0.0018064831011427949, 2.710519204001191, 0.7014018825663402, 0.0007074175169104949, 0.0004993620425265118], [0.0018878589915120824, 0.001935349701839006, 0.7014018825663402, 2.384847545360582, 0.0007252007630861088, 0.000516430284823263], [0.00022552792961224978, 0.00023247310398137816, 0.0007074175169104949, 0.0007252007630861088, 2.6961281594887594, 0.0022326173635642548], [0.0002941247332356171, 0.00029686891587117886, 0.0004993620425265118, 0.000516430284823263, 0.0022326173635642548, 0.5846793901087124]], [[3.1958521754107454, 0.9888686706295116, 0.001948801910843318, 0.002044964472932289, 0.00020786580655966566, 0.00030252083989618285], [0.9888686706295116, 2.8171109889519634, 0.0020465841806804465, 0.0021049424111498002, 0.00021085507688803354, 0.0002992283910111178], [0.001948801910843318, 0.0020465841806804465, 2.856330688818079, 2.510334929150346, 0.0005864251715100189, 0.0005580983675958986], [0.002044964472932289, 0.0021049424111498002, 2.510334929150346, 2.4912019172472553, 0.0005785603091690073, 0.0005624423032916737], [0.00020786580655966566, 0.00021085507688803354, 0.0005864251715100189, 0.0005785603091690073, 1.6284146648608353, 0.010007406371827506], [0.00030252083989618285, 0.0002992283910111178, 0.0005580983675958986, 0.0005624423032916737, 0.010007406371827506, 0.800052048355769]], [[3.0188664466914026, 1.689661756287216, 0.00211833451827546, 0.0021374730602262636, 0.00014685260004644658, 0.00035799986776086345], [1.689661756287216, 3.00867236073832, 0.00217968099210197, 0.0021327027707956857, 0.00014361038246595421, 0.00035343727427236546], [0.00211833451827546, 0.00217968099210197, 2.7801848537499207, 0.6434845130386682, 0.0005465035658480585, 0.0005571864152236067], [0.0021374730602262636, 0.0021327027707956857, 0.6434845130386682, 2.8010842107606218, 0.000551462019948235, 0.000588833624897635], [0.00014685260004644658, 0.00014361038246595421, 0.0005465035658480585, 0.000551462019948235, 1.4882930106497083, 0.055987908448301066], [0.00035799986776086345, 0.00035343727427236546, 0.0005571864152236067, 0.000588833624897635, 0.055987908448301066, 0.8299959934961699]], [[2.760637056093802, 2.048745872076775, 0.0020733262344620434, 0.0019650536641184694, 0.00021810075499203614, 0.00028498119590312365], [2.048745872076775, 2.8987796039268883, 0.002069999471922425, 0.0019149045865932634, 0.00021738498926964747, 0.00027885313061254603], [0.0020733262344620434, 0.002069999471922425, 2.7170142142943385, 0.2111451846462886, 0.0005882980151131259, 0.0004953375610685905], [0.0019650536641184694, 0.0019149045865932634, 0.2111451846462886, 2.5102520316580317, 0.0005914032727592165, 0.0005496919025800084], [0.00021810075499203614, 0.00021738498926964747, 0.0005882980151131259, 0.0005914032727592165, 2.115047456946618, 0.005378001469802906], [0.00028498119590312365, 0.00027885313061254603, 0.0004953375610685905, 0.0005496919025800084, 0.005378001469802906, 0.7273790741409504]], [[2.4467313649185867, 1.7710858746717737, 0.0017369257463967797, 0.0017104911766878301, 0.00024497506713667554, 0.00029814053472678083], [1.7710858746717737, 3.1141310501215234, 0.0017514280160418514, 0.0017227009652195395, 0.0002497648540327595, 0.0003000620925633741], [0.0017369257463967797, 0.0017514280160418514, 2.857062386041092, 0.15947815997790096, 0.0006624424464566257, 0.00050226138083889], [0.0017104911766878301, 0.0017227009652195395, 0.15947815997790096, 2.1281235549182775, 0.0008361023428244476, 0.0005726143565160809], [0.00024497506713667554, 0.0002497648540327595, 0.0006624424464566257, 0.0008361023428244476, 2.6098304723666277, 0.0016732322422385868], [0.00029814053472678083, 0.0003000620925633741, 0.00050226138083889, 0.0005726143565160809, 0.0016732322422385868, 0.5242054620601362]], [[2.6568035287648795, 1.233243588403007, 0.0015621925363624896, 0.001405682165843444, 0.00023330943190134684, 0.00027095070589761705], [1.233243588403007, 3.167452990062584, 0.0015320903399523584, 0.0014045351841644, 0.00021885676390622354, 0.0002584302520940706], [0.0015621925363624896, 0.0015320903399523584, 2.6869553373348922, 0.15871834982997332, 0.00108936408521893, 0.0006414463964993889], [0.001405682165843444, 0.0014045351841644, 0.15871834982997332, 2.179821651696964, 0.0014191079192542727, 0.0007645371408478081], [0.00023330943190134684, 0.00021885676390622354, 0.00108936408521893, 0.0014191079192542727, 3.805503016090228, 0.0008048676967754174], [0.00027095070589761705, 0.0002584302520940706, 0.0006414463964993889, 0.0007645371408478081, 0.0008048676967754174, 0.41351223716267804]], [[2.326041880283395, 0.8784327006307214, 0.001326000494769753, 0.0011683917940242886, 0.00025892554968891203, 0.0002327399063367168], [0.8784327006307214, 2.8320622391127817, 0.001250026705255902, 0.0011161137081116112, 0.0002514354010843566, 0.00021935654788086611], [0.001326000494769753, 0.001250026705255902, 2.3326114162542506, 0.14694381942968593, 0.003112673755795317, 0.0006964469506590917], [0.0011683917940242886, 0.0011161137081116112, 0.14694381942968593, 1.7621414764108356, 0.005054574977976692, 0.0008067715859855699], [0.00025892554968891203, 0.0002514354010843566, 0.003112673755795317, 0.005054574977976692, 6.473353926485429, 0.0004264141352819158], [0.0002327399063367168, 0.00021935654788086611, 0.0006964469506590917, 0.0008067715859855699, 0.0004264141352819158, 0.27439206711619535]], [[1.8044090626573548, 0.7253319360778698, 0.0012176905249334802, 0.0006471720795572743, 0.000652415817552689, 0.00021563089970176415], [0.7253319360778698, 2.840539215645701, 0.001244887245090416, 0.0006670299570319307, 0.0006265684081120731, 0.00021044953966212223], [0.0012176905249334802, 0.001244887245090416, 2.122984712596228, 0.2282205059142147, 0.06336528465821899, 0.000689972616335351], [0.0006471720795572743, 0.0006670299570319307, 0.2282205059142147, 3.180051585367743, 0.17836554445215805, 0.000431885801245749], [0.000652415817552689, 0.0006265684081120731, 0.06336528465821899, 0.17836554445215805, 2.6847132372809916, 0.0005362098249731182], [0.00021563089970176415, 0.00021044953966212223, 0.000689972616335351, 0.000431885801245749, 0.0005362098249731182, 0.1738333686245556]], [[1.817225676371148, 0.4313693156885021, 0.000341023673583933, 0.00120726091008442, 0.0010302457526456877, 0.0002389015773530902], [0.4313693156885021, 3.3868009972202264, 0.0003459839239592531, 0.0011818239766930862, 0.0010126663638755026, 0.00022466213154499366], [0.000341023673583933, 0.0003459839239592531, 10.052113223092244, 0.007088751088735806, 0.004807986119875306, 0.00018253312055505394], [0.00120726091008442, 0.0011818239766930862, 0.007088751088735806, 1.9327155396021338, 0.0694385483505591, 0.0007352895151579996], [0.0010302457526456877, 0.0010126663638755026, 0.004807986119875306, 0.0694385483505591, 1.702096001318241, 0.0008492998392225539], [0.0002389015773530902, 0.00022466213154499366, 0.00018253312055505394, 0.0007352895151579996, 0.0008492998392225539, 0.17477781717639673]], [[1.7239066743489697, 0.22339973843853478, 0.0004052467368520565, 0.0011979166825380593, 0.0009695095332531063, 0.0002598940611515028], [0.22339973843853478, 3.607330717062188, 0.0003979469723265783, 0.0012149501635717074, 0.0010120687729477504, 0.00025087159878113476], [0.0004052467368520565, 0.0003979469723265783, 14.245357930993256, 0.0018441898490041935, 0.0015136207402102779, 0.00017518196169688532], [0.0011979166825380593, 0.0012149501635717074, 0.0018441898490041935, 2.0257120304262783, 0.049123695627643404, 0.0007576366444222882], [0.0009695095332531063, 0.0010120687729477504, 0.0015136207402102779, 0.049123695627643404, 1.616299738571653, 0.0008438335637761688], [0.0002598940611515028, 0.00025087159878113476, 0.00017518196169688532, 0.0007576366444222882, 0.0008438335637761688, 0.19716933387012514]], [[2.2771900008357897, 0.10550479427036531, 0.0006095785700252843, 0.0011892425706564688, 0.001019973578626834, 0.00033130773722634234], [0.10550479427036531, 3.785760062250257, 0.0005885869617332632, 0.0011884436141919147, 0.001194653955609641, 0.00032191754345605627], [0.0006095785700252843, 0.0005885869617332632, 13.331538967026768, 0.0012488674503355252, 0.0008414085086826383, 0.00014967091681701016], [0.0011892425706564688, 0.0011884436141919147, 0.0012488674503355252, 1.7937361925483413, 0.033481391456948034, 0.0005915517337440722], [0.001019973578626834, 0.001194653955609641, 0.0008414085086826383, 0.033481391456948034, 1.557073424228006, 0.0006996168923804346], [0.00033130773722634234, 0.00032191754345605627, 0.00014967091681701016, 0.0005915517337440722, 0.0006996168923804346, 0.23706297920696426]], [[4.056302132952515, 0.02809388971879789, 0.000670296171586702, 0.0008663965344431668, 0.0008590736418105056, 0.00028265624060352717], [0.02809388971879789, 7.495912795869831, 0.0006915595841177739, 0.0010882711180076323, 0.0009216597768533143, 0.0003153307647018617], [0.000670296171586702, 0.0006915595841177739, 10.994942201593917, 0.0009691097485509298, 0.0007576813066520194, 0.00017033666301217277], [0.0008663965344431668, 0.0010882711180076323, 0.0009691097485509298, 1.7179739660334963, 0.03242126870755449, 0.0004355187959213518], [0.0008590736418105056, 0.0009216597768533143, 0.0007576813066520194, 0.03242126870755449, 1.7132013118700578, 0.0005190658491418236], [0.00028265624060352717, 0.0003153307647018617, 0.00017033666301217277, 0.0004355187959213518, 0.0005190658491418236, 0.3296200617937157]], [[8.278763309679372, 0.007192422087607579, 0.0009518274190035584, 0.0003482528867261096, 0.00026413644281357335, 7.900589025252119e-05], [0.007192422087607579, 26.74720909865948, 0.0007606599057671879, 0.0007028933485211884, 0.0007919783280086625, 0.0002238850346454], [0.0009518274190035584, 0.0007606599057671879, 8.204763715233915, 0.0011021640926842516, 0.0010249549795511431, 0.0002809029914991411], [0.0003482528867261096, 0.0007028933485211884, 0.0011021640926842516, 1.7035909734160202, 0.03817358123759531, 0.00031547216155899466], [0.00026413644281357335, 0.0007919783280086625, 0.0010249549795511431, 0.03817358123759531, 1.6086660882873431, 0.0003418742459491738], [7.900589025252119e-05, 0.0002238850346454, 0.0002809029914991411, 0.00031547216155899466, 0.0003418742459491738, 0.4060225248926862]], [[12.210072944779553, 0.002787047868078929, 0.0008751141006247226, 0.00019337886504437068, 0.0001693279021056883, 5.9921181971810766e-05], [0.002787047868078929, 185.98562715086362, 0.0007695664724771344, 0.0002473154691099394, 0.0001834848631845391, 5.53421640753696e-05], [0.0008751141006247226, 0.0007695664724771344, 27.355746066973232, 0.000867817622364947, 0.0010195455093648415, 0.0002507311709504535], [0.00019337886504437068, 0.0002473154691099394, 0.000867817622364947, 1.429487010859546, 0.09765955048377066, 0.0002600093532633287], [0.0001693279021056883, 0.0001834848631845391, 0.0010195455093648415, 0.09765955048377066, 1.3611775573810332, 0.00024361372105650812], [5.9921181971810766e-05, 5.53421640753696e-05, 0.0002507311709504535, 0.0002600093532633287, 0.00024361372105650812, 0.54151975155155]], [[89.60890651837174, 86.19628571616342, 0.0039391841317040046, 0.0006262527290112832, 0.0006398169981240037, 0.00014114729263522724], [86.19628571616342, 83.23570348980681, 0.003928543610598133, 0.0006253884530888781, 0.0006389434454110014, 0.00014096760564672755], [0.0039391841317040046, 0.003928543610598133, 4.904499553551841, 0.0010712029465119808, 0.0011546135459779448, 0.0003374538052614192], [0.0006262527290112832, 0.0006253884530888781, 0.0010712029465119808, 1.5988570112256537, 1.5423882773732833, 0.00034512472812874733], [0.0006398169981240037, 0.0006389434454110014, 0.0011546135459779448, 1.5423882773732833, 1.4883961191898138, 0.0003526250421050049], [0.00014114729263522724, 0.00014096760564672755, 0.0003374538052614192, 0.00034512472812874733, 0.0003526250421050049, 0.3353713284302115]], [[10.913244704071086, 0.1242159937686814, 0.0021985213117910454, 0.0009096144803956751, 0.0009199195632413748, 0.00025407565514436664], [0.1242159937686814, 23.725059837590162, 0.001975348321552243, 0.0010238457016445485, 0.0009559855447165629, 0.0002924649250841436], [0.0021985213117910454, 0.001975348321552243, 2.9300083881386807, 0.0009300494774603271, 0.000927057449657776, 0.00026167592748922215], [0.0009096144803956751, 0.0010238457016445485, 0.0009300494774603271, 1.68641319109452, 0.7131179670017566, 0.0004924738276700445], [0.0009199195632413748, 0.0009559855447165629, 0.000927057449657776, 0.7131179670017566, 1.455966387428486, 0.0005008871545590001], [0.00025407565514436664, 0.0002924649250841436, 0.00026167592748922215, 0.0004924738276700445, 0.0005008871545590001, 0.3083112677207709]], [[3.458165868108935, 0.19157293232039796, 0.0014687334105264603, 0.0010092892445071485, 0.0009610802869540367, 0.0003651319096939851], [0.19157293232039796, 8.960423921247777, 0.0013810121977187533, 0.001067824703338822, 0.0009832943931614027, 0.0003237725433127112], [0.0014687334105264603, 0.0013810121977187533, 4.094325192808045, 0.000875593227078764, 0.0008473746297976482, 0.00020751173356328128], [0.0010092892445071485, 0.001067824703338822, 0.000875593227078764, 1.6983827877085396, 0.1858232204236797, 0.0006300233908755404], [0.0009610802869540367, 0.0009832943931614027, 0.0008473746297976482, 0.1858232204236797, 1.547213406052854, 0.0006676884997005499], [0.0003651319096939851, 0.0003237725433127112, 0.00020751173356328128, 0.0006300233908755404, 0.0006676884997005499, 0.26403030128105254]], [[2.1979780064134395, 0.6750396980730345, 0.0009197167482077825, 0.001029657868835365, 0.0010304384625638818, 0.0003096405308572906], [0.6750396980730345, 5.898691855852992, 0.0008572852463587987, 0.0009944588152516521, 0.0009441169958675726, 0.0002840413561721635], [0.0009197167482077825, 0.0008572852463587987, 6.114592763761914, 0.0009438944724216597, 0.0009486764887731084, 0.00016833812205525973], [0.001029657868835365, 0.0009944588152516521, 0.0009438944724216597, 1.6177962035136497, 0.12512154482722568, 0.0007469722850578514], [0.0010304384625638818, 0.0009441169958675726, 0.0009486764887731084, 0.12512154482722568, 1.589430395474912, 0.000817416708885776], [0.0003096405308572906, 0.0002840413561721635, 0.00016833812205525973, 0.0007469722850578514, 0.000817416708885776, 0.20495593339849905]], [[1.6678318280689426, 2.5251319236711933, 0.0006182878266292929, 0.0010882198587689486, 0.0008504773354062648, 0.0002528104602305053], [2.5251319236711933, 4.960778774436373, 0.0005974421424315263, 0.0011524506709302326, 0.000882456017215782, 0.00025404608850679625], [0.0006182878266292929, 0.0005974421424315263, 8.185352187537097, 0.001689228387171556, 0.0016934130195607267, 0.0001811719123386945], [0.0010882198587689486, 0.0011524506709302326, 0.001689228387171556, 1.6025964724640052, 0.1460736807148396, 0.0007901040112893008], [0.0008504773354062648, 0.000882456017215782, 0.0016934130195607267, 0.1460736807148396, 1.7636305778925023, 0.0009206594637726875], [0.0002528104602305053, 0.00025404608850679625, 0.0001811719123386945, 0.0007901040112893008, 0.0009206594637726875, 0.17698036076481724]], [[4.441448713395171, 0.8726938942877082, 0.00045163430717197245, 0.0010760166778761228, 0.0009960129397035456, 0.00023436818436677742], [0.8726938942877082, 2.0979699631062045, 0.0004932202446380325, 0.0010740612761011674, 0.0010247850342151007, 0.00024213206306012715], [0.00045163430717197245, 0.0004932202446380325, 9.19333816628313, 0.004804953314464138, 0.004368438731938138, 0.00018708788661021163], [0.0010760166778761228, 0.0010740612761011674, 0.004804953314464138, 2.0378630735423875, 0.23200241382355447, 0.0007383324443589815], [0.0009960129397035456, 0.0010247850342151007, 0.004368438731938138, 0.23200241382355447, 1.6704492662866257, 0.0008637078339303908], [0.00023436818436677742, 0.00024213206306012715, 0.00018708788661021163, 0.0007383324443589815, 0.0008637078339303908, 0.15897279700656278]], [[3.7235031403635466, 0.3885930421331045, 0.0009063133951314695, 0.0005014323699772764, 0.0010705422905398034, 0.0002363619488990085], [0.3885930421331045, 1.8679774890269685, 0.0008627806414180077, 0.0005020032689463834, 0.0009995965754588298, 0.00023146292481208435], [0.0009063133951314695, 0.0008627806414180077, 2.440090857317715, 0.06881663002641907, 0.08851855414578852, 0.0005076102801198607], [0.0005014323699772764, 0.0005020032689463834, 0.06881663002641907, 4.075447970886769, 1.9266389827285697, 0.0004233628653647224], [0.0010705422905398034, 0.0009995965754588298, 0.08851855414578852, 1.9266389827285697, 1.6759410074063816, 0.000903197917335474], [0.0002363619488990085, 0.00023146292481208435, 0.0005076102801198607, 0.0004233628653647224, 0.000903197917335474, 0.2049278057923209]], [[2.974162617439181, 0.21660082747685516, 0.0011094549419600347, 0.0011441825241238124, 0.00024127963923668377, 0.00024022122095965968], [0.21660082747685516, 2.2496777622157023, 0.0011923873662238462, 0.0012520284215008987, 0.00026378751032366725, 0.00025664004963555894], [0.0011094549419600347, 0.0011923873662238462, 2.0884684398599167, 0.2401012984285867, 0.004838277535465357, 0.0007622556011580499], [0.0011441825241238124, 0.0012520284215008987, 0.2401012984285867, 1.920662234936128, 0.007464975517469637, 0.0008799731114492069], [0.00024127963923668377, 0.00026378751032366725, 0.004838277535465357, 0.007464975517469637, 4.126427932419591, 0.00042446311705248747], [0.00024022122095965968, 0.00025664004963555894, 0.0007622556011580499, 0.0008799731114492069, 0.00042446311705248747, 0.35151397184368866]], [[3.7209408074284203, 0.1424698824756096, 0.0013077996189208255, 0.001397967681203012, 0.00021767530969723698, 0.0002484859155569028], [0.1424698824756096, 2.49562879544567, 0.0014781971640656678, 0.0014778472460508314, 0.00023672782282908438, 0.0002840698871770379], [0.0013077996189208255, 0.0014781971640656678, 2.493538193674448, 0.3143231333279928, 0.0015548323305243999, 0.0006573910392342732], [0.001397967681203012, 0.0014778472460508314, 0.3143231333279928, 2.0358841136245998, 0.0018300163429129468, 0.0007718027312001221], [0.00021767530969723698, 0.00023672782282908438, 0.0015548323305243999, 0.0018300163429129468, 3.4074464465081316, 0.0007996497345062882], [0.0002484859155569028, 0.0002840698871770379, 0.0006573910392342732, 0.0007718027312001221, 0.0007996497345062882, 0.3746298718379144]], [[3.1392625553989806, 0.12614160689295895, 0.0014039949996967388, 0.0017247255202944, 0.00020230784266524036, 0.0002733687086506904], [0.12614160689295895, 2.402127779893256, 0.0015761950050474378, 0.0016589544636675748, 0.00021296766420388476, 0.00026296737859938195], [0.0014039949996967388, 0.0015761950050474378, 2.4561344232274207, 0.7108950895321101, 0.0009322398682300807, 0.0005428255407161647], [0.0017247255202944, 0.0016589544636675748, 0.7108950895321101, 2.2810244017588435, 0.00103670454640828, 0.0005936608796759643], [0.00020230784266524036, 0.00021296766420388476, 0.0009322398682300807, 0.00103670454640828, 3.056213148509873, 0.0017469501867157142], [0.0002733687086506904, 0.00026296737859938195, 0.0005428255407161647, 0.0005936608796759643, 0.0017469501867157142, 0.5306074038278473]], [[2.9451748163169804, 0.12982047658351303, 0.0017760655910841004, 0.0016646360604013484, 0.00018986066310694848, 0.00027712236073851136], [0.12982047658351303, 2.683423259599602, 0.0018759809359644645, 0.0017203668694079199, 0.00020067490901909835, 0.0002581760377901708], [0.0017760655910841004, 0.0018759809359644645, 2.258332571931395, 1.40941786339026, 0.0006366250118286681, 0.0005780657002851042], [0.0016646360604013484, 0.0017203668694079199, 1.40941786339026, 2.6745419916079824, 0.0006354479976124923, 0.000595354169435831], [0.00018986066310694848, 0.00020067490901909835, 0.0006366250118286681, 0.0006354479976124923, 2.2946277797110537, 0.005403913234687755], [0.00027712236073851136, 0.0002581760377901708, 0.0005780657002851042, 0.000595354169435831, 0.005403913234687755, 0.6322683292873372]], [[3.3688394437387585, 0.18680482802555087, 0.001949561066604419, 0.0015877644496750845, 0.00014190947221712444, 0.0002980796579651863], [0.18680482802555087, 2.6740777736810695, 0.0023594230244066484, 0.0016843968514334098, 0.0001485558666217698, 0.0002881702944714516], [0.001949561066604419, 0.0023594230244066484, 2.6572961137072113, 0.11549871038705731, 0.0006056111399740221, 0.0006082217806227335], [0.0015877644496750845, 0.0016843968514334098, 0.11549871038705731, 2.2770677664552963, 0.0007225324433695822, 0.0006653911577535164], [0.00014190947221712444, 0.0001485558666217698, 0.0006056111399740221, 0.0007225324433695822, 1.4108218101734629, 0.0338409948218846], [0.0002980796579651863, 0.0002881702944714516, 0.0006082217806227335, 0.0006653911577535164, 0.0338409948218846, 0.9681770602872023]], [[2.7493664895381875, 0.23820689491327587, 0.002085238502484183, 0.0016820876588741992, 0.00021117854298941362, 0.00029065379388501473], [0.23820689491327587, 2.727688941698755, 0.0018534450195785293, 0.0016188294881722004, 0.00018533275770169985, 0.00026554613184238463], [0.002085238502484183, 0.0018534450195785293, 2.4747108149272607, 0.03888403326187562, 0.0005783494296537453, 0.000576548120261576], [0.0016820876588741992, 0.0016188294881722004, 0.03888403326187562, 1.9655662146213557, 0.0007703923170356326, 0.0007041130143630227], [0.00021117854298941362, 0.00018533275770169985, 0.0005783494296537453, 0.0007703923170356326, 1.7163034912120512, 0.009159462087031377], [0.00029065379388501473, 0.00026554613184238463, 0.000576548120261576, 0.0007041130143630227, 0